    598800.000000
    598950.000000
    599100.000000
    599250.000000
    599400.000000
    599550.000000
    599700.000000
    599850.000000
    600000.000000
    600150.000000
    600300.000000
    600450.000000
    600600.000000
    600750.000000
    600900.000000
    601050.000000
    601200.000000
    601350.000000
    601500.000000
    601650.000000
    601800.000000
    601950.000000
    602100.000000
    602250.000000
    602400.000000
    602550.000000
    602700.000000
    602850.000000
    603000.000000
    603150.000000
    603300.000000
    603450.000000
    603600.000000
    603750.000000
    603900.000000
    604050.000000
    604200.000000
    604350.000000
    604500.000000
    604650.000000
    604800.000000
    604950.000000
    605100.000000
    605250.000000
    605400.000000
    605550.000000
    605700.000000
    605850.000000
    606000.000000
    606150.000000
    606300.000000
    606450.000000
    606600.000000
    606750.000000
    606900.000000
    607050.000000
    607200.000000
    607350.000000
    607500.000000
    607650.000000
    607800.000000
    607950.000000
    608100.000000
    608250.000000
    608400.000000
    608550.000000
    608700.000000
    608850.000000
    609000.000000
    609150.000000
    609300.000000
    609450.000000
    609600.000000
    609750.000000
    609900.000000
    610050.000000
    610200.000000
    610350.000000
    610500.000000
    610650.000000
    610800.000000
    610950.000000
    611100.000000
    611250.000000
    611400.000000
    611550.000000
    611700.000000
    611850.000000
    612000.000000
    612150.000000
    612300.000000
    612450.000000
    612600.000000
    612750.000000
    612900.000000
    613050.000000
    613200.000000
    613350.000000
    613500.000000
    613650.000000
    613800.000000
    613950.000000
    614100.000000
    614250.000000
    614400.000000
    614550.000000
    614700.000000
    614850.000000
    615000.000000
    615150.000000
    615300.000000
    615450.000000
    615600.000000
    615750.000000
    615900.000000
    616050.000000
    616200.000000
    616350.000000
    616500.000000
    616650.000000
    616800.000000
    616950.000000
    617100.000000
    617250.000000
    617400.000000
    617550.000000
    617700.000000
    617850.000000
    618000.000000
    618150.000000
    618300.000000
    618450.000000
    618600.000000
    618750.000000
    618900.000000
    619050.000000
    619200.000000
    619350.000000
    619500.000000
    619650.000000
    619800.000000
    619950.000000
    620100.000000
    620250.000000
    620400.000000
    620550.000000
    620700.000000
    620850.000000
    621000.000000
    621150.000000
    621300.000000
    621450.000000
    621600.000000
    621750.000000
    621900.000000
    622050.000000
    622200.000000
    622350.000000
    622500.000000
    622650.000000
    622800.000000
    622950.000000
    623100.000000
    623250.000000
    623400.000000
    623550.000000
    623700.000000
    623850.000000
    624000.000000
    624150.000000
    624300.000000
    624450.000000
    624600.000000
    624750.000000
    624900.000000
    625050.000000
    625200.000000
    625350.000000
    625500.000000
    625650.000000
    625800.000000
    625950.000000
    626100.000000
    626250.000000
    626400.000000
    626550.000000
    626700.000000
    626850.000000
    627000.000000
    627150.000000
    627300.000000
    627450.000000
    627600.000000
    627750.000000
    627900.000000
    628050.000000
    628200.000000
    628350.000000
    628500.000000
    628650.000000
    628800.000000
    628950.000000
    629100.000000
    629250.000000
    629400.000000
    629550.000000
    629700.000000
    629850.000000
    630000.000000
    630150.000000
    630300.000000
    630450.000000
    630600.000000
    630750.000000
    630900.000000
    631050.000000
    631200.000000
    631350.000000
    631500.000000
    631650.000000
    631800.000000
    631950.000000
    632100.000000
    632250.000000
    632400.000000
    632550.000000
    632700.000000
    632850.000000
    633000.000000
    633150.000000
    633300.000000
    633450.000000
    633600.000000
    633750.000000
    633900.000000
    634050.000000
    634200.000000
    634350.000000
    634500.000000
    634650.000000
    634800.000000
    634950.000000
    635100.000000
    635250.000000
    635400.000000
    635550.000000
    635700.000000
    635850.000000
    636000.000000
    636150.000000
    636300.000000
    636450.000000
    636600.000000
    636750.000000
    636900.000000
    637050.000000
    637200.000000
    637350.000000
    637500.000000
    637650.000000
    637800.000000
    637950.000000
    638100.000000
    638250.000000
    638400.000000
    638550.000000
    638700.000000
    638850.000000
    639000.000000
    639150.000000
    639300.000000
    639450.000000
    639600.000000
    639750.000000
    639900.000000
    640050.000000
    640200.000000
    640350.000000
    640500.000000
    640650.000000
    640800.000000
    640950.000000
    641100.000000
    641250.000000
    641400.000000
    641550.000000
    641700.000000
    641850.000000
    642000.000000
    642150.000000
    642300.000000
    642450.000000
    642600.000000
    642750.000000
    642900.000000
    643050.000000
    643200.000000
    643350.000000
    643500.000000
    643650.000000
    643800.000000
    643950.000000
    644100.000000
    644250.000000
    644400.000000
    644550.000000
    644700.000000
    644850.000000
    645000.000000
    645150.000000
    645300.000000
    645450.000000
    645600.000000
    645750.000000
    645900.000000
    646050.000000
    646200.000000
    646350.000000
    646500.000000
    646650.000000
    646800.000000
    646950.000000
    647100.000000
    647250.000000
    647400.000000
    647550.000000
    647700.000000
    647850.000000
    648000.000000
    648150.000000
    648300.000000
    648450.000000
    648600.000000
    648750.000000
    648900.000000
    649050.000000
    649200.000000
    649350.000000
    649500.000000
    649650.000000
    649800.000000
    649950.000000
    650100.000000
    650250.000000
    650400.000000
    650550.000000
    650700.000000
    650850.000000
    651000.000000
    651150.000000
    651300.000000
    651450.000000
    651600.000000
    651750.000000
    651900.000000
    652050.000000
    652200.000000
    652350.000000
    652500.000000
    652650.000000
    652800.000000
    652950.000000
    653100.000000
    653250.000000
    653400.000000
    653550.000000
    653700.000000
    653850.000000
    654000.000000
    654150.000000
    654300.000000
    654450.000000
    654600.000000
    654750.000000
    654900.000000
    655050.000000
    655200.000000
    655350.000000
    655500.000000
    655650.000000
    655800.000000
    655950.000000
    656100.000000
    656250.000000
    656400.000000
    656550.000000
    656700.000000
    656850.000000
    657000.000000
    657150.000000
    657300.000000
    657450.000000
    657600.000000
    657750.000000
    657900.000000
    658050.000000
    658200.000000
    658350.000000
    658500.000000
    658650.000000
    658800.000000
    658950.000000
    659100.000000
    659250.000000
    659400.000000
    659550.000000
    659700.000000
    659850.000000
    660000.000000
    660150.000000
    660300.000000
    660450.000000
    660600.000000
    660750.000000
    660900.000000
    661050.000000
    661200.000000
    661350.000000
    661500.000000
    661650.000000
    661800.000000
    661950.000000
    662100.000000
    662250.000000
    662400.000000
    662550.000000
    662700.000000
    662850.000000
    663000.000000
    663150.000000
    663300.000000
    663450.000000
    663600.000000
    663750.000000
    663900.000000
    664050.000000
    664200.000000
    664350.000000
    664500.000000
    664650.000000
    664800.000000
    664950.000000
    665100.000000
    665250.000000
    665400.000000
    665550.000000
    665700.000000
    665850.000000
    666000.000000
    666150.000000
    666300.000000
    666450.000000
    666600.000000
    666750.000000
    666900.000000
    667050.000000
    667200.000000
    667350.000000
    667500.000000
    667650.000000
    667800.000000
    667950.000000
    668100.000000
    668250.000000
    668400.000000
    668550.000000
    668700.000000
    668850.000000
    669000.000000
    669150.000000
    669300.000000
    669450.000000
    669600.000000
    669750.000000
    669900.000000
    670050.000000
    670200.000000
    670350.000000
    670500.000000
    670650.000000
    670800.000000
    670950.000000
    671100.000000
    671250.000000
    671400.000000
    671550.000000
    671700.000000
    671850.000000
    672000.000000
    672150.000000
    672300.000000
    672450.000000
    672600.000000
    672750.000000
    672900.000000
    673050.000000
    673200.000000
    673350.000000
    673500.000000
    673650.000000
    673800.000000
    673950.000000
    674100.000000
    674250.000000
    674400.000000
    674550.000000
    674700.000000
    674850.000000
    675000.000000
    675150.000000
    675300.000000
    675450.000000
    675600.000000
    675750.000000
    675900.000000
    676050.000000
    676200.000000
    676350.000000
    676500.000000
    676650.000000
    676800.000000
    676950.000000
    677100.000000
    677250.000000
    677400.000000
    677550.000000
    677700.000000
    677850.000000
    678000.000000
    678150.000000
    678300.000000
    678450.000000
    678600.000000
    678750.000000
    678900.000000
    679050.000000
    679200.000000
    679350.000000
    679500.000000
    679650.000000
    679800.000000
    679950.000000
    680100.000000
    680250.000000
    680400.000000
    680550.000000
    680700.000000
    680850.000000
    681000.000000
    681150.000000
    681300.000000
    681450.000000
    681600.000000
    681750.000000
    681900.000000
    682050.000000
    682200.000000
    682350.000000
    682500.000000
    682650.000000
    682800.000000
    682950.000000
    683100.000000
    683250.000000
    683400.000000
    683550.000000
    683700.000000
    683850.000000
    684000.000000
    684150.000000
    684300.000000
    684450.000000
    684600.000000
    684750.000000
    684900.000000
    685050.000000
    685200.000000
    685350.000000
    685500.000000
    685650.000000
    685800.000000
    685950.000000
    686100.000000
    686250.000000
    686400.000000
    686550.000000
    686700.000000
    686850.000000
    687000.000000
    687150.000000
    687300.000000
    687450.000000
    687600.000000
    687750.000000
    687900.000000
    688050.000000
    688200.000000
