   3803800.000000
   3803950.000000
   3804100.000000
   3804250.000000
   3804400.000000
   3804550.000000
   3804700.000000
   3804850.000000
   3805000.000000
   3805150.000000
   3805300.000000
   3805450.000000
   3805600.000000
   3805750.000000
   3805900.000000
   3806050.000000
   3806200.000000
   3806350.000000
   3806500.000000
   3806650.000000
   3806800.000000
   3806950.000000
   3807100.000000
   3807250.000000
   3807400.000000
   3807550.000000
   3807700.000000
   3807850.000000
   3808000.000000
   3808150.000000
   3808300.000000
   3808450.000000
   3808600.000000
   3808750.000000
   3808900.000000
   3809050.000000
   3809200.000000
   3809350.000000
   3809500.000000
   3809650.000000
   3809800.000000
   3809950.000000
   3810100.000000
   3810250.000000
   3810400.000000
   3810550.000000
   3810700.000000
   3810850.000000
   3811000.000000
   3811150.000000
   3811300.000000
   3811450.000000
   3811600.000000
   3811750.000000
   3811900.000000
   3812050.000000
   3812200.000000
   3812350.000000
   3812500.000000
   3812650.000000
   3812800.000000
   3812950.000000
   3813100.000000
   3813250.000000
   3813400.000000
   3813550.000000
   3813700.000000
   3813850.000000
   3814000.000000
   3814150.000000
   3814300.000000
   3814450.000000
   3814600.000000
   3814750.000000
   3814900.000000
   3815050.000000
   3815200.000000
   3815350.000000
   3815500.000000
   3815650.000000
   3815800.000000
   3815950.000000
   3816100.000000
   3816250.000000
   3816400.000000
   3816550.000000
   3816700.000000
   3816850.000000
   3817000.000000
   3817150.000000
   3817300.000000
   3817450.000000
   3817600.000000
   3817750.000000
   3817900.000000
   3818050.000000
   3818200.000000
   3818350.000000
   3818500.000000
   3818650.000000
   3818800.000000
   3818950.000000
   3819100.000000
   3819250.000000
   3819400.000000
   3819550.000000
   3819700.000000
   3819850.000000
   3820000.000000
   3820150.000000
   3820300.000000
   3820450.000000
   3820600.000000
   3820750.000000
   3820900.000000
   3821050.000000
   3821200.000000
   3821350.000000
   3821500.000000
   3821650.000000
   3821800.000000
   3821950.000000
   3822100.000000
   3822250.000000
   3822400.000000
   3822550.000000
   3822700.000000
   3822850.000000
   3823000.000000
   3823150.000000
   3823300.000000
   3823450.000000
   3823600.000000
   3823750.000000
   3823900.000000
   3824050.000000
   3824200.000000
   3824350.000000
   3824500.000000
   3824650.000000
   3824800.000000
   3824950.000000
   3825100.000000
   3825250.000000
   3825400.000000
   3825550.000000
   3825700.000000
   3825850.000000
   3826000.000000
   3826150.000000
   3826300.000000
   3826450.000000
   3826600.000000
   3826750.000000
   3826900.000000
   3827050.000000
   3827200.000000
   3827350.000000
   3827500.000000
   3827650.000000
   3827800.000000
   3827950.000000
   3828100.000000
   3828250.000000
   3828400.000000
   3828550.000000
   3828700.000000
   3828850.000000
   3829000.000000
   3829150.000000
   3829300.000000
   3829450.000000
   3829600.000000
   3829750.000000
   3829900.000000
   3830050.000000
   3830200.000000
   3830350.000000
   3830500.000000
   3830650.000000
   3830800.000000
   3830950.000000
   3831100.000000
   3831250.000000
   3831400.000000
   3831550.000000
   3831700.000000
   3831850.000000
   3832000.000000
   3832150.000000
   3832300.000000
   3832450.000000
   3832600.000000
   3832750.000000
   3832900.000000
   3833050.000000
   3833200.000000
   3833350.000000
   3833500.000000
   3833650.000000
   3833800.000000
   3833950.000000
   3834100.000000
   3834250.000000
   3834400.000000
   3834550.000000
   3834700.000000
   3834850.000000
   3835000.000000
   3835150.000000
   3835300.000000
   3835450.000000
   3835600.000000
   3835750.000000
   3835900.000000
   3836050.000000
   3836200.000000
   3836350.000000
   3836500.000000
   3836650.000000
   3836800.000000
   3836950.000000
   3837100.000000
   3837250.000000
   3837400.000000
   3837550.000000
   3837700.000000
   3837850.000000
   3838000.000000
   3838150.000000
   3838300.000000
   3838450.000000
   3838600.000000
   3838750.000000
   3838900.000000
   3839050.000000
   3839200.000000
   3839350.000000
   3839500.000000
   3839650.000000
   3839800.000000
   3839950.000000
   3840100.000000
   3840250.000000
   3840400.000000
   3840550.000000
   3840700.000000
   3840850.000000
   3841000.000000
   3841150.000000
   3841300.000000
   3841450.000000
   3841600.000000
   3841750.000000
   3841900.000000
   3842050.000000
   3842200.000000
   3842350.000000
   3842500.000000
   3842650.000000
   3842800.000000
   3842950.000000
   3843100.000000
   3843250.000000
   3843400.000000
   3843550.000000
   3843700.000000
   3843850.000000
   3844000.000000
   3844150.000000
   3844300.000000
   3844450.000000
   3844600.000000
   3844750.000000
   3844900.000000
   3845050.000000
   3845200.000000
   3845350.000000
   3845500.000000
   3845650.000000
   3845800.000000
   3845950.000000
   3846100.000000
   3846250.000000
   3846400.000000
   3846550.000000
   3846700.000000
   3846850.000000
   3847000.000000
   3847150.000000
   3847300.000000
   3847450.000000
   3847600.000000
   3847750.000000
   3847900.000000
   3848050.000000
   3848200.000000
   3848350.000000
   3848500.000000
   3848650.000000
   3848800.000000
   3848950.000000
   3849100.000000
   3849250.000000
   3849400.000000
   3849550.000000
   3849700.000000
   3849850.000000
   3850000.000000
   3850150.000000
   3850300.000000
   3850450.000000
   3850600.000000
   3850750.000000
   3850900.000000
   3851050.000000
   3851200.000000
   3851350.000000
   3851500.000000
   3851650.000000
   3851800.000000
   3851950.000000
   3852100.000000
   3852250.000000
   3852400.000000
   3852550.000000
   3852700.000000
   3852850.000000
   3853000.000000
   3853150.000000
   3853300.000000
   3853450.000000
   3853600.000000
   3853750.000000
   3853900.000000
   3854050.000000
   3854200.000000
   3854350.000000
   3854500.000000
   3854650.000000
   3854800.000000
   3854950.000000
   3855100.000000
   3855250.000000
   3855400.000000
   3855550.000000
   3855700.000000
   3855850.000000
   3856000.000000
   3856150.000000
   3856300.000000
   3856450.000000
   3856600.000000
   3856750.000000
   3856900.000000
   3857050.000000
   3857200.000000
   3857350.000000
   3857500.000000
   3857650.000000
   3857800.000000
   3857950.000000
   3858100.000000
   3858250.000000
   3858400.000000
   3858550.000000
   3858700.000000
   3858850.000000
   3859000.000000
   3859150.000000
   3859300.000000
   3859450.000000
   3859600.000000
   3859750.000000
   3859900.000000
   3860050.000000
   3860200.000000
   3860350.000000
   3860500.000000
   3860650.000000
   3860800.000000
   3860950.000000
   3861100.000000
   3861250.000000
   3861400.000000
   3861550.000000
   3861700.000000
   3861850.000000
   3862000.000000
   3862150.000000
   3862300.000000
   3862450.000000
   3862600.000000
   3862750.000000
   3862900.000000
   3863050.000000
   3863200.000000
   3863350.000000
   3863500.000000
   3863650.000000
   3863800.000000
   3863950.000000
   3864100.000000
   3864250.000000
   3864400.000000
   3864550.000000
   3864700.000000
   3864850.000000
   3865000.000000
   3865150.000000
   3865300.000000
   3865450.000000
   3865600.000000
   3865750.000000
   3865900.000000
   3866050.000000
   3866200.000000
   3866350.000000
   3866500.000000
   3866650.000000
   3866800.000000
   3866950.000000
   3867100.000000
   3867250.000000
   3867400.000000
   3867550.000000
   3867700.000000
   3867850.000000
   3868000.000000
   3868150.000000
   3868300.000000
   3868450.000000
   3868600.000000
   3868750.000000
   3868900.000000
   3869050.000000
   3869200.000000
   3869350.000000
   3869500.000000
   3869650.000000
   3869800.000000
   3869950.000000
   3870100.000000
   3870250.000000
   3870400.000000
   3870550.000000
   3870700.000000
   3870850.000000
   3871000.000000
   3871150.000000
   3871300.000000
   3871450.000000
   3871600.000000
   3871750.000000
   3871900.000000
   3872050.000000
   3872200.000000
   3872350.000000
   3872500.000000
   3872650.000000
   3872800.000000
   3872950.000000
   3873100.000000
   3873250.000000
   3873400.000000
   3873550.000000
   3873700.000000
   3873850.000000
   3874000.000000
   3874150.000000
   3874300.000000
   3874450.000000
   3874600.000000
   3874750.000000
   3874900.000000
   3875050.000000
   3875200.000000
   3875350.000000
   3875500.000000
   3875650.000000
   3875800.000000
   3875950.000000
   3876100.000000
   3876250.000000
   3876400.000000
   3876550.000000
   3876700.000000
   3876850.000000
   3877000.000000
   3877150.000000
   3877300.000000
   3877450.000000
   3877600.000000
   3877750.000000
   3877900.000000
   3878050.000000
   3878200.000000
   3878350.000000
   3878500.000000
   3878650.000000
   3878800.000000
   3878950.000000
   3879100.000000
   3879250.000000
   3879400.000000
   3879550.000000
   3879700.000000
   3879850.000000
   3880000.000000
   3880150.000000
   3880300.000000
   3880450.000000
   3880600.000000
   3880750.000000
   3880900.000000
   3881050.000000
   3881200.000000
   3881350.000000
   3881500.000000
   3881650.000000
   3881800.000000
   3881950.000000
   3882100.000000
   3882250.000000
   3882400.000000
   3882550.000000
   3882700.000000
   3882850.000000
   3883000.000000
   3883150.000000
   3883300.000000
   3883450.000000
   3883600.000000
   3883750.000000
   3883900.000000
   3884050.000000
   3884200.000000
   3884350.000000
   3884500.000000
   3884650.000000
   3884800.000000
   3884950.000000
   3885100.000000
   3885250.000000
   3885400.000000
   3885550.000000
   3885700.000000
   3885850.000000
   3886000.000000
   3886150.000000
   3886300.000000
   3886450.000000
   3886600.000000
   3886750.000000
   3886900.000000
   3887050.000000
   3887200.000000
   3887350.000000
   3887500.000000
   3887650.000000
   3887800.000000
   3887950.000000
   3888100.000000
   3888250.000000
   3888400.000000
   3888550.000000
   3888700.000000
   3888850.000000
   3889000.000000
   3889150.000000
   3889300.000000
   3889450.000000
   3889600.000000
   3889750.000000
   3889900.000000
   3890050.000000
   3890200.000000
   3890350.000000
   3890500.000000
   3890650.000000
   3890800.000000
   3890950.000000
   3891100.000000
   3891250.000000
   3891400.000000
   3891550.000000
   3891700.000000
   3891850.000000
   3892000.000000
   3892150.000000
   3892300.000000
   3892450.000000
   3892600.000000
   3892750.000000
   3892900.000000
   3893050.000000
   3893200.000000
   3893350.000000
   3893500.000000
   3893650.000000
   3893800.000000
   3893950.000000
   3894100.000000
   3894250.000000
   3894400.000000
   3894550.000000
   3894700.000000
   3894850.000000
   3895000.000000
   3895150.000000
   3895300.000000
   3895450.000000
   3895600.000000
   3895750.000000
   3895900.000000
   3896050.000000
   3896200.000000
   3896350.000000
   3896500.000000
   3896650.000000
   3896800.000000
   3896950.000000
   3897100.000000
   3897250.000000
   3897400.000000
   3897550.000000
   3897700.000000
