   3273850.000000
   3275200.000000
   3276550.000000
   3277900.000000
   3279250.000000
   3280600.000000
   3281950.000000
   3283300.000000
   3284650.000000
   3286000.000000
   3287350.000000
   3288700.000000
   3290050.000000
   3291400.000000
   3292750.000000
   3294100.000000
   3295450.000000
   3296800.000000
   3298150.000000
   3299500.000000
   3300850.000000
   3302200.000000
   3303550.000000
   3304900.000000
   3306250.000000
   3307600.000000
   3308950.000000
   3310300.000000
   3311650.000000
   3313000.000000
   3314350.000000
   3315700.000000
   3317050.000000
   3318400.000000
   3319750.000000
   3321100.000000
   3322450.000000
   3323800.000000
   3325150.000000
   3326500.000000
   3327850.000000
   3329200.000000
   3330550.000000
   3331900.000000
   3333250.000000
   3334600.000000
   3335950.000000
   3337300.000000
   3338650.000000
   3340000.000000
   3341350.000000
   3342700.000000
   3344050.000000
   3345400.000000
   3346750.000000
   3348100.000000
   3349450.000000
   3350800.000000
   3352150.000000
   3353500.000000
   3354850.000000
   3356200.000000
   3357550.000000
   3358900.000000
   3360250.000000
   3361600.000000
   3362950.000000
   3364300.000000
   3365650.000000
   3367000.000000
   3368350.000000
   3369700.000000
   3371050.000000
   3372400.000000
   3373750.000000
   3375100.000000
   3376450.000000
   3377800.000000
   3379150.000000
   3380500.000000
   3381850.000000
   3383200.000000
   3384550.000000
   3385900.000000
   3387250.000000
   3388600.000000
   3389950.000000
   3391300.000000
   3392650.000000
   3394000.000000
   3395350.000000
   3396700.000000
   3398050.000000
   3399400.000000
   3400750.000000
   3402100.000000
   3403450.000000
   3404800.000000
   3406150.000000
   3407500.000000
   3408850.000000
   3410200.000000
   3411550.000000
   3412900.000000
   3414250.000000
   3415600.000000
   3416950.000000
   3418300.000000
   3419650.000000
   3421000.000000
   3422350.000000
   3423700.000000
   3425050.000000
   3426400.000000
   3427750.000000
   3429100.000000
   3430450.000000
   3431800.000000
   3433150.000000
   3434500.000000
   3435850.000000
   3437200.000000
   3438550.000000
   3439900.000000
   3441250.000000
   3442600.000000
   3443950.000000
   3445300.000000
   3446650.000000
   3448000.000000
   3449350.000000
   3450700.000000
   3452050.000000
   3453400.000000
   3454750.000000
   3456100.000000
   3457450.000000
   3458800.000000
   3460150.000000
   3461500.000000
   3462850.000000
   3464200.000000
   3465550.000000
   3466900.000000
   3468250.000000
   3469600.000000
   3470950.000000
   3472300.000000
   3473650.000000
   3475000.000000
   3476350.000000
   3477700.000000
   3479050.000000
   3480400.000000
   3481750.000000
   3483100.000000
   3484450.000000
   3485800.000000
   3487150.000000
   3488500.000000
   3489850.000000
   3491200.000000
   3492550.000000
   3493900.000000
   3495250.000000
   3496600.000000
   3497950.000000
   3499300.000000
   3500650.000000
   3502000.000000
   3503350.000000
   3504700.000000
   3506050.000000
   3507400.000000
   3508750.000000
   3510100.000000
   3511450.000000
   3512800.000000
   3514150.000000
   3515500.000000
   3516850.000000
   3518200.000000
   3519550.000000
   3520900.000000
   3522250.000000
   3523600.000000
   3524950.000000
   3526300.000000
   3527650.000000
   3529000.000000
   3530350.000000
   3531700.000000
   3533050.000000
   3534400.000000
   3535750.000000
   3537100.000000
   3538450.000000
   3539800.000000
   3541150.000000
   3542500.000000
   3543850.000000
   3545200.000000
   3546550.000000
   3547900.000000
   3549250.000000
   3550600.000000
   3551950.000000
   3553300.000000
   3554650.000000
   3556000.000000
   3557350.000000
   3558700.000000
   3560050.000000
   3561400.000000
   3562750.000000
   3564100.000000
   3565450.000000
   3566800.000000
   3568150.000000
   3569500.000000
   3570850.000000
   3572200.000000
   3573550.000000
   3574900.000000
   3576250.000000
   3577600.000000
   3578950.000000
   3580300.000000
   3581650.000000
   3583000.000000
   3584350.000000
   3585700.000000
   3587050.000000
   3588400.000000
   3589750.000000
   3591100.000000
   3592450.000000
   3593800.000000
   3595150.000000
   3596500.000000
   3597850.000000
   3599200.000000
   3600550.000000
   3601900.000000
   3603250.000000
   3604600.000000
   3605950.000000
   3607300.000000
   3608650.000000
   3610000.000000
   3611350.000000
   3612700.000000
   3614050.000000
   3615400.000000
   3616750.000000
   3618100.000000
   3619450.000000
   3620800.000000
   3622150.000000
   3623500.000000
   3624850.000000
   3626200.000000
   3627550.000000
   3628900.000000
   3630250.000000
   3631600.000000
   3632950.000000
   3634300.000000
   3635650.000000
   3637000.000000
   3638350.000000
   3639700.000000
   3641050.000000
   3642400.000000
   3643750.000000
   3645100.000000
   3646450.000000
   3647800.000000
   3649150.000000
   3650500.000000
   3651850.000000
   3653200.000000
   3654550.000000
   3655900.000000
   3657250.000000
   3658600.000000
   3659950.000000
   3661300.000000
   3662650.000000
   3664000.000000
   3665350.000000
   3666700.000000
   3668050.000000
   3669400.000000
   3670750.000000
   3672100.000000
   3673450.000000
   3674800.000000
   3676150.000000
   3677500.000000
   3678850.000000
   3680200.000000
   3681550.000000
   3682900.000000
   3684250.000000
   3685600.000000
   3686950.000000
   3688300.000000
   3689650.000000
   3691000.000000
   3692350.000000
   3693700.000000
   3695050.000000
   3696400.000000
   3697750.000000
   3699100.000000
   3700450.000000
   3701800.000000
   3703150.000000
   3704500.000000
   3705850.000000
   3707200.000000
   3708550.000000
   3709900.000000
   3711250.000000
   3712600.000000
   3713950.000000
   3715300.000000
   3716650.000000
   3718000.000000
   3719350.000000
   3720700.000000
   3722050.000000
   3723400.000000
   3724750.000000
   3726100.000000
   3727450.000000
   3728800.000000
   3730150.000000
   3731500.000000
   3732850.000000
   3734200.000000
   3735550.000000
   3736900.000000
   3738250.000000
   3739600.000000
   3740950.000000
   3742300.000000
   3743650.000000
   3745000.000000
   3746350.000000
   3747700.000000
   3749050.000000
   3750400.000000
   3751750.000000
   3753100.000000
   3754450.000000
   3755800.000000
   3757150.000000
   3758500.000000
   3759850.000000
   3761200.000000
   3762550.000000
   3763900.000000
   3765250.000000
   3766600.000000
   3767950.000000
   3769300.000000
   3770650.000000
   3772000.000000
   3773350.000000
   3774700.000000
   3776050.000000
   3777400.000000
   3778750.000000
   3780100.000000
   3781450.000000
   3782800.000000
   3784150.000000
   3785500.000000
   3786850.000000
   3788200.000000
   3789550.000000
   3790900.000000
   3792250.000000
   3793600.000000
   3794950.000000
   3796300.000000
   3797650.000000
   3799000.000000
   3800350.000000
   3801700.000000
   3803050.000000
   3804400.000000
   3805750.000000
   3807100.000000
   3808450.000000
   3809800.000000
   3811150.000000
   3812500.000000
   3813850.000000
   3815200.000000
   3816550.000000
   3817900.000000
   3819250.000000
   3820600.000000
   3821950.000000
   3823300.000000
   3824650.000000
   3826000.000000
   3827350.000000
   3828700.000000
   3830050.000000
   3831400.000000
   3832750.000000
   3834100.000000
   3835450.000000
   3836800.000000
   3838150.000000
   3839500.000000
   3840850.000000
   3842200.000000
   3843550.000000
   3844900.000000
   3846250.000000
   3847600.000000
   3848950.000000
   3850300.000000
   3851650.000000
   3853000.000000
   3854350.000000
   3855700.000000
   3857050.000000
   3858400.000000
   3859750.000000
   3861100.000000
   3862450.000000
   3863800.000000
   3865150.000000
   3866500.000000
   3867850.000000
   3869200.000000
   3870550.000000
   3871900.000000
   3873250.000000
   3874600.000000
   3875950.000000
   3877300.000000
   3878650.000000
   3880000.000000
   3881350.000000
   3882700.000000
   3884050.000000
   3885400.000000
   3886750.000000
   3888100.000000
   3889450.000000
   3890800.000000
   3892150.000000
   3893500.000000
   3894850.000000
   3896200.000000
   3897550.000000
   3898900.000000
   3900250.000000
   3901600.000000
   3902950.000000
   3904300.000000
   3905650.000000
   3907000.000000
   3908350.000000
   3909700.000000
   3911050.000000
   3912400.000000
   3913750.000000
   3915100.000000
   3916450.000000
   3917800.000000
   3919150.000000
   3920500.000000
   3921850.000000
   3923200.000000
   3924550.000000
   3925900.000000
   3927250.000000
   3928600.000000
   3929950.000000
   3931300.000000
   3932650.000000
   3934000.000000
   3935350.000000
   3936700.000000
   3938050.000000
   3939400.000000
   3940750.000000
   3942100.000000
   3943450.000000
   3944800.000000
   3946150.000000
   3947500.000000
   3948850.000000
   3950200.000000
   3951550.000000
   3952900.000000
   3954250.000000
   3955600.000000
   3956950.000000
   3958300.000000
   3959650.000000
   3961000.000000
   3962350.000000
   3963700.000000
   3965050.000000
   3966400.000000
   3967750.000000
   3969100.000000
   3970450.000000
   3971800.000000
   3973150.000000
   3974500.000000
   3975850.000000
   3977200.000000
   3978550.000000
   3979900.000000
   3981250.000000
   3982600.000000
   3983950.000000
   3985300.000000
   3986650.000000
   3988000.000000
   3989350.000000
   3990700.000000
   3992050.000000
   3993400.000000
   3994750.000000
   3996100.000000
   3997450.000000
   3998800.000000
   4000150.000000
   4001500.000000
   4002850.000000
   4004200.000000
   4005550.000000
   4006900.000000
   4008250.000000
   4009600.000000
   4010950.000000
   4012300.000000
   4013650.000000
   4015000.000000
