    625800.000000
    625950.000000
    626100.000000
    626250.000000
    626400.000000
    626550.000000
    626700.000000
    626850.000000
    627000.000000
    627150.000000
    627300.000000
    627450.000000
    627600.000000
    627750.000000
    627900.000000
    628050.000000
    628200.000000
    628350.000000
    628500.000000
    628650.000000
    628800.000000
    628950.000000
    629100.000000
    629250.000000
    629400.000000
    629550.000000
    629700.000000
    629850.000000
    630000.000000
    630150.000000
    630300.000000
    630450.000000
    630600.000000
    630750.000000
    630900.000000
    631050.000000
    631200.000000
    631350.000000
    631500.000000
    631650.000000
    631800.000000
    631950.000000
    632100.000000
    632250.000000
    632400.000000
    632550.000000
    632700.000000
    632850.000000
    633000.000000
    633150.000000
    633300.000000
    633450.000000
    633600.000000
    633750.000000
    633900.000000
    634050.000000
    634200.000000
    634350.000000
    634500.000000
    634650.000000
    634800.000000
    634950.000000
    635100.000000
    635250.000000
    635400.000000
    635550.000000
    635700.000000
    635850.000000
    636000.000000
    636150.000000
    636300.000000
    636450.000000
    636600.000000
    636750.000000
    636900.000000
    637050.000000
    637200.000000
    637350.000000
    637500.000000
    637650.000000
    637800.000000
    637950.000000
    638100.000000
    638250.000000
    638400.000000
    638550.000000
    638700.000000
    638850.000000
    639000.000000
    639150.000000
    639300.000000
    639450.000000
    639600.000000
    639750.000000
    639900.000000
    640050.000000
    640200.000000
    640350.000000
    640500.000000
    640650.000000
    640800.000000
    640950.000000
    641100.000000
    641250.000000
    641400.000000
    641550.000000
    641700.000000
    641850.000000
    642000.000000
    642150.000000
    642300.000000
    642450.000000
    642600.000000
    642750.000000
    642900.000000
    643050.000000
    643200.000000
    643350.000000
    643500.000000
    643650.000000
    643800.000000
    643950.000000
    644100.000000
    644250.000000
    644400.000000
    644550.000000
    644700.000000
    644850.000000
    645000.000000
    645150.000000
    645300.000000
    645450.000000
    645600.000000
    645750.000000
    645900.000000
    646050.000000
    646200.000000
    646350.000000
    646500.000000
    646650.000000
    646800.000000
    646950.000000
    647100.000000
    647250.000000
    647400.000000
    647550.000000
    647700.000000
    647850.000000
    648000.000000
    648150.000000
    648300.000000
    648450.000000
    648600.000000
    648750.000000
    648900.000000
    649050.000000
    649200.000000
    649350.000000
    649500.000000
    649650.000000
    649800.000000
    649950.000000
    650100.000000
    650250.000000
    650400.000000
    650550.000000
    650700.000000
    650850.000000
    651000.000000
    651150.000000
    651300.000000
    651450.000000
    651600.000000
    651750.000000
    651900.000000
    652050.000000
    652200.000000
    652350.000000
    652500.000000
    652650.000000
    652800.000000
    652950.000000
    653100.000000
    653250.000000
    653400.000000
    653550.000000
    653700.000000
    653850.000000
    654000.000000
    654150.000000
    654300.000000
    654450.000000
    654600.000000
    654750.000000
    654900.000000
    655050.000000
    655200.000000
    655350.000000
    655500.000000
    655650.000000
    655800.000000
    655950.000000
    656100.000000
    656250.000000
    656400.000000
    656550.000000
    656700.000000
    656850.000000
    657000.000000
    657150.000000
    657300.000000
    657450.000000
    657600.000000
    657750.000000
    657900.000000
    658050.000000
    658200.000000
    658350.000000
    658500.000000
    658650.000000
    658800.000000
    658950.000000
    659100.000000
    659250.000000
    659400.000000
    659550.000000
    659700.000000
    659850.000000
    660000.000000
    660150.000000
    660300.000000
    660450.000000
    660600.000000
    660750.000000
    660900.000000
    661050.000000
    661200.000000
    661350.000000
    661500.000000
    661650.000000
    661800.000000
    661950.000000
    662100.000000
    662250.000000
    662400.000000
    662550.000000
    662700.000000
    662850.000000
    663000.000000
    663150.000000
    663300.000000
    663450.000000
    663600.000000
    663750.000000
    663900.000000
    664050.000000
    664200.000000
    664350.000000
    664500.000000
    664650.000000
    664800.000000
    664950.000000
    665100.000000
    665250.000000
    665400.000000
    665550.000000
    665700.000000
    665850.000000
    666000.000000
    666150.000000
    666300.000000
    666450.000000
    666600.000000
    666750.000000
    666900.000000
    667050.000000
    667200.000000
    667350.000000
    667500.000000
    667650.000000
    667800.000000
    667950.000000
    668100.000000
    668250.000000
    668400.000000
    668550.000000
    668700.000000
    668850.000000
    669000.000000
    669150.000000
    669300.000000
    669450.000000
    669600.000000
    669750.000000
    669900.000000
    670050.000000
    670200.000000
    670350.000000
    670500.000000
    670650.000000
    670800.000000
    670950.000000
    671100.000000
    671250.000000
    671400.000000
    671550.000000
    671700.000000
    671850.000000
    672000.000000
    672150.000000
    672300.000000
    672450.000000
    672600.000000
    672750.000000
    672900.000000
    673050.000000
    673200.000000
    673350.000000
    673500.000000
    673650.000000
    673800.000000
    673950.000000
    674100.000000
    674250.000000
    674400.000000
    674550.000000
    674700.000000
    674850.000000
    675000.000000
    675150.000000
    675300.000000
    675450.000000
    675600.000000
    675750.000000
    675900.000000
    676050.000000
    676200.000000
    676350.000000
    676500.000000
    676650.000000
    676800.000000
    676950.000000
    677100.000000
    677250.000000
    677400.000000
    677550.000000
    677700.000000
    677850.000000
    678000.000000
    678150.000000
    678300.000000
    678450.000000
    678600.000000
    678750.000000
    678900.000000
    679050.000000
    679200.000000
    679350.000000
    679500.000000
    679650.000000
    679800.000000
    679950.000000
    680100.000000
    680250.000000
    680400.000000
    680550.000000
    680700.000000
    680850.000000
    681000.000000
    681150.000000
    681300.000000
    681450.000000
    681600.000000
    681750.000000
    681900.000000
    682050.000000
    682200.000000
    682350.000000
    682500.000000
    682650.000000
    682800.000000
    682950.000000
    683100.000000
    683250.000000
    683400.000000
    683550.000000
    683700.000000
    683850.000000
    684000.000000
    684150.000000
    684300.000000
    684450.000000
    684600.000000
    684750.000000
    684900.000000
    685050.000000
    685200.000000
    685350.000000
    685500.000000
    685650.000000
    685800.000000
    685950.000000
    686100.000000
    686250.000000
    686400.000000
    686550.000000
    686700.000000
    686850.000000
    687000.000000
    687150.000000
    687300.000000
    687450.000000
    687600.000000
    687750.000000
    687900.000000
    688050.000000
    688200.000000
    688350.000000
    688500.000000
    688650.000000
    688800.000000
    688950.000000
    689100.000000
    689250.000000
    689400.000000
    689550.000000
    689700.000000
    689850.000000
    690000.000000
    690150.000000
    690300.000000
    690450.000000
    690600.000000
    690750.000000
    690900.000000
    691050.000000
    691200.000000
    691350.000000
    691500.000000
    691650.000000
    691800.000000
    691950.000000
    692100.000000
    692250.000000
    692400.000000
    692550.000000
    692700.000000
    692850.000000
    693000.000000
    693150.000000
    693300.000000
    693450.000000
    693600.000000
    693750.000000
    693900.000000
    694050.000000
    694200.000000
    694350.000000
    694500.000000
    694650.000000
    694800.000000
    694950.000000
    695100.000000
    695250.000000
    695400.000000
    695550.000000
    695700.000000
    695850.000000
    696000.000000
    696150.000000
    696300.000000
    696450.000000
    696600.000000
    696750.000000
    696900.000000
    697050.000000
    697200.000000
    697350.000000
    697500.000000
    697650.000000
    697800.000000
    697950.000000
    698100.000000
    698250.000000
    698400.000000
    698550.000000
    698700.000000
    698850.000000
    699000.000000
    699150.000000
    699300.000000
    699450.000000
    699600.000000
    699750.000000
    699900.000000
    700050.000000
    700200.000000
    700350.000000
    700500.000000
    700650.000000
    700800.000000
    700950.000000
    701100.000000
    701250.000000
    701400.000000
    701550.000000
    701700.000000
    701850.000000
    702000.000000
    702150.000000
    702300.000000
    702450.000000
    702600.000000
    702750.000000
    702900.000000
    703050.000000
    703200.000000
    703350.000000
    703500.000000
    703650.000000
    703800.000000
    703950.000000
    704100.000000
    704250.000000
    704400.000000
    704550.000000
    704700.000000
    704850.000000
    705000.000000
    705150.000000
    705300.000000
    705450.000000
    705600.000000
    705750.000000
    705900.000000
    706050.000000
    706200.000000
    706350.000000
    706500.000000
    706650.000000
    706800.000000
    706950.000000
    707100.000000
    707250.000000
    707400.000000
    707550.000000
    707700.000000
    707850.000000
    708000.000000
    708150.000000
    708300.000000
    708450.000000
    708600.000000
    708750.000000
    708900.000000
    709050.000000
    709200.000000
    709350.000000
    709500.000000
    709650.000000
    709800.000000
    709950.000000
    710100.000000
    710250.000000
    710400.000000
    710550.000000
    710700.000000
    710850.000000
    711000.000000
    711150.000000
    711300.000000
    711450.000000
    711600.000000
    711750.000000
    711900.000000
    712050.000000
    712200.000000
    712350.000000
    712500.000000
    712650.000000
    712800.000000
    712950.000000
    713100.000000
    713250.000000
    713400.000000
    713550.000000
    713700.000000
    713850.000000
    714000.000000
    714150.000000
    714300.000000
    714450.000000
    714600.000000
    714750.000000
    714900.000000
    715050.000000
    715200.000000
    715350.000000
    715500.000000
    715650.000000
    715800.000000
    715950.000000
    716100.000000
    716250.000000
    716400.000000
    716550.000000
    716700.000000
    716850.000000
    717000.000000
    717150.000000
    717300.000000
    717450.000000
    717600.000000
    717750.000000
    717900.000000
    718050.000000
    718200.000000
    718350.000000
    718500.000000
    718650.000000
    718800.000000
    718950.000000
    719100.000000
    719250.000000
    719400.000000
    719550.000000
    719700.000000
    719850.000000
    720000.000000
    720150.000000
    720300.000000
    720450.000000
    720600.000000
    720750.000000
    720900.000000
    721050.000000
    721200.000000
    721350.000000
    721500.000000
    721650.000000
    721800.000000
    721950.000000
    722100.000000
    722250.000000
    722400.000000
    722550.000000
    722700.000000
    722850.000000
    723000.000000
    723150.000000
    723300.000000
    723450.000000
    723600.000000
    723750.000000
    723900.000000
    724050.000000
    724200.000000
