   3678400.000000
   3678850.000000
   3679300.000000
   3679750.000000
   3680200.000000
   3680650.000000
   3681100.000000
   3681550.000000
   3682000.000000
   3682450.000000
   3682900.000000
   3683350.000000
   3683800.000000
   3684250.000000
   3684700.000000
   3685150.000000
   3685600.000000
   3686050.000000
   3686500.000000
   3686950.000000
   3687400.000000
   3687850.000000
   3688300.000000
   3688750.000000
   3689200.000000
   3689650.000000
   3690100.000000
   3690550.000000
   3691000.000000
   3691450.000000
   3691900.000000
   3692350.000000
   3692800.000000
   3693250.000000
   3693700.000000
   3694150.000000
   3694600.000000
   3695050.000000
   3695500.000000
   3695950.000000
   3696400.000000
   3696850.000000
   3697300.000000
   3697750.000000
   3698200.000000
   3698650.000000
   3699100.000000
   3699550.000000
   3700000.000000
   3700450.000000
   3700900.000000
   3701350.000000
   3701800.000000
   3702250.000000
   3702700.000000
   3703150.000000
   3703600.000000
   3704050.000000
   3704500.000000
   3704950.000000
   3705400.000000
   3705850.000000
   3706300.000000
   3706750.000000
   3707200.000000
   3707650.000000
   3708100.000000
   3708550.000000
   3709000.000000
   3709450.000000
   3709900.000000
   3710350.000000
   3710800.000000
   3711250.000000
   3711700.000000
   3712150.000000
   3712600.000000
   3713050.000000
   3713500.000000
   3713950.000000
   3714400.000000
   3714850.000000
   3715300.000000
   3715750.000000
   3716200.000000
   3716650.000000
   3717100.000000
   3717550.000000
   3718000.000000
   3718450.000000
   3718900.000000
   3719350.000000
   3719800.000000
   3720250.000000
   3720700.000000
   3721150.000000
   3721600.000000
   3722050.000000
   3722500.000000
   3722950.000000
   3723400.000000
   3723850.000000
   3724300.000000
   3724750.000000
   3725200.000000
   3725650.000000
   3726100.000000
   3726550.000000
   3727000.000000
   3727450.000000
   3727900.000000
   3728350.000000
   3728800.000000
   3729250.000000
   3729700.000000
   3730150.000000
   3730600.000000
   3731050.000000
   3731500.000000
   3731950.000000
   3732400.000000
   3732850.000000
   3733300.000000
   3733750.000000
   3734200.000000
   3734650.000000
   3735100.000000
   3735550.000000
   3736000.000000
   3736450.000000
   3736900.000000
   3737350.000000
   3737800.000000
   3738250.000000
   3738700.000000
   3739150.000000
   3739600.000000
   3740050.000000
   3740500.000000
   3740950.000000
   3741400.000000
   3741850.000000
   3742300.000000
   3742750.000000
   3743200.000000
   3743650.000000
   3744100.000000
   3744550.000000
   3745000.000000
   3745450.000000
   3745900.000000
   3746350.000000
   3746800.000000
   3747250.000000
   3747700.000000
   3748150.000000
   3748600.000000
   3749050.000000
   3749500.000000
   3749950.000000
   3750400.000000
   3750850.000000
   3751300.000000
   3751750.000000
   3752200.000000
   3752650.000000
   3753100.000000
   3753550.000000
   3754000.000000
   3754450.000000
   3754900.000000
   3755350.000000
   3755800.000000
   3756250.000000
   3756700.000000
   3757150.000000
   3757600.000000
   3758050.000000
   3758500.000000
   3758950.000000
   3759400.000000
   3759850.000000
   3760300.000000
   3760750.000000
   3761200.000000
   3761650.000000
   3762100.000000
   3762550.000000
   3763000.000000
   3763450.000000
   3763900.000000
   3764350.000000
   3764800.000000
   3765250.000000
   3765700.000000
   3766150.000000
   3766600.000000
   3767050.000000
   3767500.000000
   3767950.000000
   3768400.000000
   3768850.000000
   3769300.000000
   3769750.000000
   3770200.000000
   3770650.000000
   3771100.000000
   3771550.000000
   3772000.000000
   3772450.000000
   3772900.000000
   3773350.000000
   3773800.000000
   3774250.000000
   3774700.000000
   3775150.000000
   3775600.000000
   3776050.000000
   3776500.000000
   3776950.000000
   3777400.000000
   3777850.000000
   3778300.000000
   3778750.000000
   3779200.000000
   3779650.000000
   3780100.000000
   3780550.000000
   3781000.000000
   3781450.000000
   3781900.000000
   3782350.000000
   3782800.000000
   3783250.000000
   3783700.000000
   3784150.000000
   3784600.000000
   3785050.000000
   3785500.000000
   3785950.000000
   3786400.000000
   3786850.000000
   3787300.000000
   3787750.000000
   3788200.000000
   3788650.000000
   3789100.000000
   3789550.000000
   3790000.000000
   3790450.000000
   3790900.000000
   3791350.000000
   3791800.000000
   3792250.000000
   3792700.000000
   3793150.000000
   3793600.000000
   3794050.000000
   3794500.000000
   3794950.000000
   3795400.000000
   3795850.000000
   3796300.000000
   3796750.000000
   3797200.000000
   3797650.000000
   3798100.000000
   3798550.000000
   3799000.000000
   3799450.000000
   3799900.000000
   3800350.000000
   3800800.000000
   3801250.000000
   3801700.000000
   3802150.000000
   3802600.000000
   3803050.000000
   3803500.000000
   3803950.000000
   3804400.000000
   3804850.000000
   3805300.000000
   3805750.000000
   3806200.000000
   3806650.000000
   3807100.000000
   3807550.000000
   3808000.000000
   3808450.000000
   3808900.000000
   3809350.000000
   3809800.000000
   3810250.000000
   3810700.000000
   3811150.000000
   3811600.000000
   3812050.000000
   3812500.000000
   3812950.000000
   3813400.000000
   3813850.000000
   3814300.000000
   3814750.000000
   3815200.000000
   3815650.000000
   3816100.000000
   3816550.000000
   3817000.000000
   3817450.000000
   3817900.000000
   3818350.000000
   3818800.000000
   3819250.000000
   3819700.000000
   3820150.000000
   3820600.000000
   3821050.000000
   3821500.000000
   3821950.000000
   3822400.000000
   3822850.000000
   3823300.000000
   3823750.000000
   3824200.000000
   3824650.000000
   3825100.000000
   3825550.000000
   3826000.000000
   3826450.000000
   3826900.000000
   3827350.000000
   3827800.000000
   3828250.000000
   3828700.000000
   3829150.000000
   3829600.000000
   3830050.000000
   3830500.000000
   3830950.000000
   3831400.000000
   3831850.000000
   3832300.000000
   3832750.000000
   3833200.000000
   3833650.000000
   3834100.000000
   3834550.000000
   3835000.000000
   3835450.000000
   3835900.000000
   3836350.000000
   3836800.000000
   3837250.000000
   3837700.000000
   3838150.000000
   3838600.000000
   3839050.000000
   3839500.000000
   3839950.000000
   3840400.000000
   3840850.000000
   3841300.000000
   3841750.000000
   3842200.000000
   3842650.000000
   3843100.000000
   3843550.000000
   3844000.000000
   3844450.000000
   3844900.000000
   3845350.000000
   3845800.000000
   3846250.000000
   3846700.000000
   3847150.000000
   3847600.000000
   3848050.000000
   3848500.000000
   3848950.000000
   3849400.000000
   3849850.000000
   3850300.000000
   3850750.000000
   3851200.000000
   3851650.000000
   3852100.000000
   3852550.000000
   3853000.000000
   3853450.000000
   3853900.000000
   3854350.000000
   3854800.000000
   3855250.000000
   3855700.000000
   3856150.000000
   3856600.000000
   3857050.000000
   3857500.000000
   3857950.000000
   3858400.000000
   3858850.000000
   3859300.000000
   3859750.000000
   3860200.000000
   3860650.000000
   3861100.000000
   3861550.000000
   3862000.000000
   3862450.000000
   3862900.000000
   3863350.000000
   3863800.000000
   3864250.000000
   3864700.000000
   3865150.000000
   3865600.000000
   3866050.000000
   3866500.000000
   3866950.000000
   3867400.000000
   3867850.000000
   3868300.000000
   3868750.000000
   3869200.000000
   3869650.000000
   3870100.000000
   3870550.000000
   3871000.000000
   3871450.000000
   3871900.000000
   3872350.000000
   3872800.000000
   3873250.000000
   3873700.000000
   3874150.000000
   3874600.000000
   3875050.000000
   3875500.000000
   3875950.000000
   3876400.000000
   3876850.000000
   3877300.000000
   3877750.000000
   3878200.000000
   3878650.000000
   3879100.000000
   3879550.000000
   3880000.000000
   3880450.000000
   3880900.000000
   3881350.000000
   3881800.000000
   3882250.000000
   3882700.000000
   3883150.000000
   3883600.000000
   3884050.000000
   3884500.000000
   3884950.000000
   3885400.000000
   3885850.000000
   3886300.000000
   3886750.000000
   3887200.000000
   3887650.000000
   3888100.000000
   3888550.000000
   3889000.000000
   3889450.000000
   3889900.000000
   3890350.000000
   3890800.000000
   3891250.000000
   3891700.000000
   3892150.000000
   3892600.000000
   3893050.000000
   3893500.000000
   3893950.000000
   3894400.000000
   3894850.000000
   3895300.000000
   3895750.000000
   3896200.000000
   3896650.000000
   3897100.000000
   3897550.000000
   3898000.000000
   3898450.000000
   3898900.000000
   3899350.000000
   3899800.000000
   3900250.000000
   3900700.000000
   3901150.000000
   3901600.000000
   3902050.000000
   3902500.000000
   3902950.000000
   3903400.000000
   3903850.000000
   3904300.000000
   3904750.000000
   3905200.000000
   3905650.000000
   3906100.000000
