   3818600.000000
   3818650.000000
   3818700.000000
   3818750.000000
   3818800.000000
   3818850.000000
   3818900.000000
   3818950.000000
   3819000.000000
   3819050.000000
   3819100.000000
   3819150.000000
   3819200.000000
   3819250.000000
   3819300.000000
   3819350.000000
   3819400.000000
   3819450.000000
   3819500.000000
   3819550.000000
   3819600.000000
   3819650.000000
   3819700.000000
   3819750.000000
   3819800.000000
   3819850.000000
   3819900.000000
   3819950.000000
   3820000.000000
   3820050.000000
   3820100.000000
   3820150.000000
   3820200.000000
   3820250.000000
   3820300.000000
   3820350.000000
   3820400.000000
   3820450.000000
   3820500.000000
   3820550.000000
   3820600.000000
   3820650.000000
   3820700.000000
   3820750.000000
   3820800.000000
   3820850.000000
   3820900.000000
   3820950.000000
   3821000.000000
   3821050.000000
   3821100.000000
   3821150.000000
   3821200.000000
   3821250.000000
   3821300.000000
   3821350.000000
   3821400.000000
   3821450.000000
   3821500.000000
   3821550.000000
   3821600.000000
   3821650.000000
   3821700.000000
   3821750.000000
   3821800.000000
   3821850.000000
   3821900.000000
   3821950.000000
   3822000.000000
   3822050.000000
   3822100.000000
   3822150.000000
   3822200.000000
   3822250.000000
   3822300.000000
   3822350.000000
   3822400.000000
   3822450.000000
   3822500.000000
   3822550.000000
   3822600.000000
   3822650.000000
   3822700.000000
   3822750.000000
   3822800.000000
   3822850.000000
   3822900.000000
   3822950.000000
   3823000.000000
   3823050.000000
   3823100.000000
   3823150.000000
   3823200.000000
   3823250.000000
   3823300.000000
   3823350.000000
   3823400.000000
   3823450.000000
   3823500.000000
   3823550.000000
   3823600.000000
   3823650.000000
   3823700.000000
   3823750.000000
   3823800.000000
   3823850.000000
   3823900.000000
   3823950.000000
   3824000.000000
   3824050.000000
   3824100.000000
   3824150.000000
   3824200.000000
   3824250.000000
   3824300.000000
   3824350.000000
   3824400.000000
   3824450.000000
   3824500.000000
   3824550.000000
   3824600.000000
   3824650.000000
   3824700.000000
   3824750.000000
   3824800.000000
   3824850.000000
   3824900.000000
   3824950.000000
   3825000.000000
   3825050.000000
   3825100.000000
   3825150.000000
   3825200.000000
   3825250.000000
   3825300.000000
   3825350.000000
   3825400.000000
   3825450.000000
   3825500.000000
   3825550.000000
   3825600.000000
   3825650.000000
   3825700.000000
   3825750.000000
   3825800.000000
   3825850.000000
   3825900.000000
   3825950.000000
   3826000.000000
   3826050.000000
   3826100.000000
   3826150.000000
   3826200.000000
   3826250.000000
   3826300.000000
   3826350.000000
   3826400.000000
   3826450.000000
   3826500.000000
   3826550.000000
   3826600.000000
   3826650.000000
   3826700.000000
   3826750.000000
   3826800.000000
   3826850.000000
   3826900.000000
   3826950.000000
   3827000.000000
   3827050.000000
   3827100.000000
   3827150.000000
   3827200.000000
   3827250.000000
   3827300.000000
   3827350.000000
   3827400.000000
   3827450.000000
   3827500.000000
   3827550.000000
   3827600.000000
   3827650.000000
   3827700.000000
   3827750.000000
   3827800.000000
   3827850.000000
   3827900.000000
   3827950.000000
   3828000.000000
   3828050.000000
   3828100.000000
   3828150.000000
   3828200.000000
   3828250.000000
   3828300.000000
   3828350.000000
   3828400.000000
   3828450.000000
   3828500.000000
   3828550.000000
   3828600.000000
   3828650.000000
   3828700.000000
   3828750.000000
   3828800.000000
   3828850.000000
   3828900.000000
   3828950.000000
   3829000.000000
   3829050.000000
   3829100.000000
   3829150.000000
   3829200.000000
   3829250.000000
   3829300.000000
   3829350.000000
   3829400.000000
   3829450.000000
   3829500.000000
   3829550.000000
   3829600.000000
   3829650.000000
   3829700.000000
   3829750.000000
   3829800.000000
   3829850.000000
   3829900.000000
   3829950.000000
   3830000.000000
   3830050.000000
   3830100.000000
   3830150.000000
   3830200.000000
   3830250.000000
   3830300.000000
   3830350.000000
   3830400.000000
   3830450.000000
   3830500.000000
   3830550.000000
   3830600.000000
   3830650.000000
   3830700.000000
   3830750.000000
   3830800.000000
   3830850.000000
   3830900.000000
   3830950.000000
   3831000.000000
   3831050.000000
   3831100.000000
   3831150.000000
   3831200.000000
   3831250.000000
   3831300.000000
   3831350.000000
   3831400.000000
   3831450.000000
   3831500.000000
   3831550.000000
   3831600.000000
   3831650.000000
   3831700.000000
   3831750.000000
   3831800.000000
   3831850.000000
   3831900.000000
   3831950.000000
   3832000.000000
   3832050.000000
   3832100.000000
   3832150.000000
   3832200.000000
   3832250.000000
   3832300.000000
   3832350.000000
   3832400.000000
   3832450.000000
   3832500.000000
   3832550.000000
   3832600.000000
   3832650.000000
   3832700.000000
   3832750.000000
   3832800.000000
   3832850.000000
   3832900.000000
   3832950.000000
   3833000.000000
   3833050.000000
   3833100.000000
   3833150.000000
   3833200.000000
   3833250.000000
   3833300.000000
   3833350.000000
   3833400.000000
   3833450.000000
   3833500.000000
   3833550.000000
   3833600.000000
   3833650.000000
   3833700.000000
   3833750.000000
   3833800.000000
   3833850.000000
   3833900.000000
   3833950.000000
   3834000.000000
   3834050.000000
   3834100.000000
   3834150.000000
   3834200.000000
   3834250.000000
   3834300.000000
   3834350.000000
   3834400.000000
   3834450.000000
   3834500.000000
   3834550.000000
   3834600.000000
   3834650.000000
   3834700.000000
   3834750.000000
   3834800.000000
   3834850.000000
   3834900.000000
   3834950.000000
   3835000.000000
   3835050.000000
   3835100.000000
   3835150.000000
   3835200.000000
   3835250.000000
   3835300.000000
   3835350.000000
   3835400.000000
   3835450.000000
   3835500.000000
   3835550.000000
   3835600.000000
   3835650.000000
   3835700.000000
   3835750.000000
   3835800.000000
   3835850.000000
   3835900.000000
   3835950.000000
   3836000.000000
   3836050.000000
   3836100.000000
   3836150.000000
   3836200.000000
   3836250.000000
   3836300.000000
   3836350.000000
   3836400.000000
   3836450.000000
   3836500.000000
   3836550.000000
   3836600.000000
   3836650.000000
   3836700.000000
   3836750.000000
   3836800.000000
   3836850.000000
   3836900.000000
   3836950.000000
   3837000.000000
   3837050.000000
   3837100.000000
   3837150.000000
   3837200.000000
   3837250.000000
   3837300.000000
   3837350.000000
   3837400.000000
   3837450.000000
   3837500.000000
   3837550.000000
   3837600.000000
   3837650.000000
   3837700.000000
   3837750.000000
   3837800.000000
   3837850.000000
   3837900.000000
   3837950.000000
   3838000.000000
   3838050.000000
   3838100.000000
   3838150.000000
   3838200.000000
   3838250.000000
   3838300.000000
   3838350.000000
   3838400.000000
   3838450.000000
   3838500.000000
   3838550.000000
   3838600.000000
   3838650.000000
   3838700.000000
   3838750.000000
   3838800.000000
   3838850.000000
   3838900.000000
   3838950.000000
   3839000.000000
   3839050.000000
   3839100.000000
   3839150.000000
   3839200.000000
   3839250.000000
   3839300.000000
   3839350.000000
   3839400.000000
   3839450.000000
   3839500.000000
   3839550.000000
   3839600.000000
   3839650.000000
   3839700.000000
   3839750.000000
   3839800.000000
   3839850.000000
   3839900.000000
   3839950.000000
   3840000.000000
   3840050.000000
   3840100.000000
   3840150.000000
   3840200.000000
   3840250.000000
   3840300.000000
   3840350.000000
   3840400.000000
   3840450.000000
   3840500.000000
   3840550.000000
   3840600.000000
   3840650.000000
   3840700.000000
   3840750.000000
   3840800.000000
   3840850.000000
   3840900.000000
   3840950.000000
   3841000.000000
   3841050.000000
   3841100.000000
   3841150.000000
   3841200.000000
   3841250.000000
   3841300.000000
   3841350.000000
   3841400.000000
   3841450.000000
   3841500.000000
   3841550.000000
   3841600.000000
   3841650.000000
   3841700.000000
   3841750.000000
   3841800.000000
   3841850.000000
   3841900.000000
   3841950.000000
   3842000.000000
   3842050.000000
   3842100.000000
   3842150.000000
   3842200.000000
   3842250.000000
   3842300.000000
   3842350.000000
   3842400.000000
   3842450.000000
   3842500.000000
   3842550.000000
   3842600.000000
   3842650.000000
   3842700.000000
   3842750.000000
   3842800.000000
   3842850.000000
   3842900.000000
   3842950.000000
   3843000.000000
   3843050.000000
   3843100.000000
   3843150.000000
   3843200.000000
   3843250.000000
   3843300.000000
   3843350.000000
   3843400.000000
   3843450.000000
   3843500.000000
   3843550.000000
   3843600.000000
   3843650.000000
   3843700.000000
   3843750.000000
   3843800.000000
   3843850.000000
   3843900.000000
   3843950.000000
   3844000.000000
   3844050.000000
   3844100.000000
   3844150.000000
   3844200.000000
   3844250.000000
   3844300.000000
   3844350.000000
   3844400.000000
   3844450.000000
   3844500.000000
   3844550.000000
   3844600.000000
   3844650.000000
   3844700.000000
   3844750.000000
   3844800.000000
   3844850.000000
   3844900.000000
   3844950.000000
   3845000.000000
   3845050.000000
   3845100.000000
   3845150.000000
   3845200.000000
   3845250.000000
   3845300.000000
   3845350.000000
   3845400.000000
   3845450.000000
   3845500.000000
   3845550.000000
   3845600.000000
   3845650.000000
   3845700.000000
   3845750.000000
   3845800.000000
   3845850.000000
   3845900.000000
   3845950.000000
   3846000.000000
   3846050.000000
   3846100.000000
   3846150.000000
   3846200.000000
   3846250.000000
   3846300.000000
   3846350.000000
   3846400.000000
   3846450.000000
   3846500.000000
   3846550.000000
   3846600.000000
   3846650.000000
   3846700.000000
   3846750.000000
   3846800.000000
   3846850.000000
   3846900.000000
