    527400.000000
    527850.000000
    528300.000000
    528750.000000
    529200.000000
    529650.000000
    530100.000000
    530550.000000
    531000.000000
    531450.000000
    531900.000000
    532350.000000
    532800.000000
    533250.000000
    533700.000000
    534150.000000
    534600.000000
    535050.000000
    535500.000000
    535950.000000
    536400.000000
    536850.000000
    537300.000000
    537750.000000
    538200.000000
    538650.000000
    539100.000000
    539550.000000
    540000.000000
    540450.000000
    540900.000000
    541350.000000
    541800.000000
    542250.000000
    542700.000000
    543150.000000
    543600.000000
    544050.000000
    544500.000000
    544950.000000
    545400.000000
    545850.000000
    546300.000000
    546750.000000
    547200.000000
    547650.000000
    548100.000000
    548550.000000
    549000.000000
    549450.000000
    549900.000000
    550350.000000
    550800.000000
    551250.000000
    551700.000000
    552150.000000
    552600.000000
    553050.000000
    553500.000000
    553950.000000
    554400.000000
    554850.000000
    555300.000000
    555750.000000
    556200.000000
    556650.000000
    557100.000000
    557550.000000
    558000.000000
    558450.000000
    558900.000000
    559350.000000
    559800.000000
    560250.000000
    560700.000000
    561150.000000
    561600.000000
    562050.000000
    562500.000000
    562950.000000
    563400.000000
    563850.000000
    564300.000000
    564750.000000
    565200.000000
    565650.000000
    566100.000000
    566550.000000
    567000.000000
    567450.000000
    567900.000000
    568350.000000
    568800.000000
    569250.000000
    569700.000000
    570150.000000
    570600.000000
    571050.000000
    571500.000000
    571950.000000
    572400.000000
    572850.000000
    573300.000000
    573750.000000
    574200.000000
    574650.000000
    575100.000000
    575550.000000
    576000.000000
    576450.000000
    576900.000000
    577350.000000
    577800.000000
    578250.000000
    578700.000000
    579150.000000
    579600.000000
    580050.000000
    580500.000000
    580950.000000
    581400.000000
    581850.000000
    582300.000000
    582750.000000
    583200.000000
    583650.000000
    584100.000000
    584550.000000
    585000.000000
    585450.000000
    585900.000000
    586350.000000
    586800.000000
    587250.000000
    587700.000000
    588150.000000
    588600.000000
    589050.000000
    589500.000000
    589950.000000
    590400.000000
    590850.000000
    591300.000000
    591750.000000
    592200.000000
    592650.000000
    593100.000000
    593550.000000
    594000.000000
    594450.000000
    594900.000000
    595350.000000
    595800.000000
    596250.000000
    596700.000000
    597150.000000
    597600.000000
    598050.000000
    598500.000000
    598950.000000
    599400.000000
    599850.000000
    600300.000000
    600750.000000
    601200.000000
    601650.000000
    602100.000000
    602550.000000
    603000.000000
    603450.000000
    603900.000000
    604350.000000
    604800.000000
    605250.000000
    605700.000000
    606150.000000
    606600.000000
    607050.000000
    607500.000000
    607950.000000
    608400.000000
    608850.000000
    609300.000000
    609750.000000
    610200.000000
    610650.000000
    611100.000000
    611550.000000
    612000.000000
    612450.000000
    612900.000000
    613350.000000
    613800.000000
    614250.000000
    614700.000000
    615150.000000
    615600.000000
    616050.000000
    616500.000000
    616950.000000
    617400.000000
    617850.000000
    618300.000000
    618750.000000
    619200.000000
    619650.000000
    620100.000000
    620550.000000
    621000.000000
    621450.000000
    621900.000000
    622350.000000
    622800.000000
    623250.000000
    623700.000000
    624150.000000
    624600.000000
    625050.000000
    625500.000000
    625950.000000
    626400.000000
    626850.000000
    627300.000000
    627750.000000
    628200.000000
    628650.000000
    629100.000000
    629550.000000
    630000.000000
    630450.000000
    630900.000000
    631350.000000
    631800.000000
    632250.000000
    632700.000000
    633150.000000
    633600.000000
    634050.000000
    634500.000000
    634950.000000
    635400.000000
    635850.000000
    636300.000000
    636750.000000
    637200.000000
    637650.000000
    638100.000000
    638550.000000
    639000.000000
    639450.000000
    639900.000000
    640350.000000
    640800.000000
    641250.000000
    641700.000000
    642150.000000
    642600.000000
    643050.000000
    643500.000000
    643950.000000
    644400.000000
    644850.000000
    645300.000000
    645750.000000
    646200.000000
    646650.000000
    647100.000000
    647550.000000
    648000.000000
    648450.000000
    648900.000000
    649350.000000
    649800.000000
    650250.000000
    650700.000000
    651150.000000
    651600.000000
    652050.000000
    652500.000000
    652950.000000
    653400.000000
    653850.000000
    654300.000000
    654750.000000
    655200.000000
    655650.000000
    656100.000000
    656550.000000
    657000.000000
    657450.000000
    657900.000000
    658350.000000
    658800.000000
    659250.000000
    659700.000000
    660150.000000
    660600.000000
    661050.000000
    661500.000000
    661950.000000
    662400.000000
    662850.000000
    663300.000000
    663750.000000
    664200.000000
    664650.000000
    665100.000000
    665550.000000
    666000.000000
    666450.000000
    666900.000000
    667350.000000
    667800.000000
    668250.000000
    668700.000000
    669150.000000
    669600.000000
    670050.000000
    670500.000000
    670950.000000
    671400.000000
    671850.000000
    672300.000000
    672750.000000
    673200.000000
    673650.000000
    674100.000000
    674550.000000
    675000.000000
    675450.000000
    675900.000000
    676350.000000
    676800.000000
    677250.000000
    677700.000000
    678150.000000
    678600.000000
    679050.000000
    679500.000000
    679950.000000
    680400.000000
    680850.000000
    681300.000000
    681750.000000
    682200.000000
    682650.000000
    683100.000000
    683550.000000
    684000.000000
    684450.000000
    684900.000000
    685350.000000
    685800.000000
    686250.000000
    686700.000000
    687150.000000
    687600.000000
    688050.000000
    688500.000000
    688950.000000
    689400.000000
    689850.000000
    690300.000000
    690750.000000
    691200.000000
    691650.000000
    692100.000000
    692550.000000
    693000.000000
    693450.000000
    693900.000000
    694350.000000
    694800.000000
    695250.000000
    695700.000000
    696150.000000
    696600.000000
    697050.000000
    697500.000000
    697950.000000
    698400.000000
    698850.000000
    699300.000000
    699750.000000
    700200.000000
    700650.000000
    701100.000000
    701550.000000
    702000.000000
    702450.000000
    702900.000000
    703350.000000
    703800.000000
    704250.000000
    704700.000000
    705150.000000
    705600.000000
    706050.000000
    706500.000000
    706950.000000
    707400.000000
    707850.000000
    708300.000000
    708750.000000
    709200.000000
    709650.000000
    710100.000000
    710550.000000
    711000.000000
    711450.000000
    711900.000000
    712350.000000
    712800.000000
    713250.000000
    713700.000000
    714150.000000
    714600.000000
    715050.000000
    715500.000000
    715950.000000
    716400.000000
    716850.000000
    717300.000000
    717750.000000
    718200.000000
    718650.000000
    719100.000000
    719550.000000
    720000.000000
    720450.000000
    720900.000000
    721350.000000
    721800.000000
    722250.000000
    722700.000000
    723150.000000
    723600.000000
    724050.000000
    724500.000000
    724950.000000
    725400.000000
    725850.000000
    726300.000000
    726750.000000
    727200.000000
    727650.000000
    728100.000000
    728550.000000
    729000.000000
    729450.000000
    729900.000000
    730350.000000
    730800.000000
    731250.000000
    731700.000000
    732150.000000
    732600.000000
    733050.000000
    733500.000000
    733950.000000
    734400.000000
    734850.000000
    735300.000000
    735750.000000
    736200.000000
    736650.000000
    737100.000000
    737550.000000
    738000.000000
    738450.000000
    738900.000000
    739350.000000
    739800.000000
    740250.000000
    740700.000000
    741150.000000
    741600.000000
    742050.000000
    742500.000000
    742950.000000
    743400.000000
    743850.000000
    744300.000000
    744750.000000
    745200.000000
    745650.000000
    746100.000000
    746550.000000
    747000.000000
    747450.000000
    747900.000000
    748350.000000
    748800.000000
    749250.000000
    749700.000000
    750150.000000
    750600.000000
    751050.000000
    751500.000000
    751950.000000
    752400.000000
    752850.000000
    753300.000000
    753750.000000
    754200.000000
    754650.000000
    755100.000000
    755550.000000
    756000.000000
    756450.000000
    756900.000000
    757350.000000
    757800.000000
    758250.000000
    758700.000000
    759150.000000
    759600.000000
    760050.000000
    760500.000000
    760950.000000
    761400.000000
    761850.000000
    762300.000000
    762750.000000
    763200.000000
    763650.000000
    764100.000000
    764550.000000
    765000.000000
    765450.000000
    765900.000000
    766350.000000
    766800.000000
    767250.000000
    767700.000000
    768150.000000
    768600.000000
    769050.000000
    769500.000000
    769950.000000
    770400.000000
    770850.000000
    771300.000000
    771750.000000
    772200.000000
    772650.000000
    773100.000000
    773550.000000
    774000.000000
    774450.000000
    774900.000000
    775350.000000
    775800.000000
    776250.000000
    776700.000000
    777150.000000
    777600.000000
    778050.000000
    778500.000000
    778950.000000
    779400.000000
    779850.000000
    780300.000000
    780750.000000
    781200.000000
    781650.000000
    782100.000000
    782550.000000
    783000.000000
    783450.000000
    783900.000000
    784350.000000
    784800.000000
    785250.000000
    785700.000000
    786150.000000
    786600.000000
    787050.000000
    787500.000000
    787950.000000
    788400.000000
    788850.000000
    789300.000000
    789750.000000
    790200.000000
    790650.000000
    791100.000000
    791550.000000
    792000.000000
    792450.000000
    792900.000000
    793350.000000
    793800.000000
    794250.000000
    794700.000000
    795150.000000
    795600.000000
    796050.000000
    796500.000000
    796950.000000
    797400.000000
    797850.000000
    798300.000000
    798750.000000
    799200.000000
    799650.000000
    800100.000000
    800550.000000
    801000.000000
    801450.000000
    801900.000000
    802350.000000
    802800.000000
    803250.000000
    803700.000000
    804150.000000
    804600.000000
    805050.000000
    805500.000000
    805950.000000
    806400.000000
    806850.000000
    807300.000000
    807750.000000
    808200.000000
    808650.000000
    809100.000000
