    679600.000000
    679650.000000
    679700.000000
    679750.000000
    679800.000000
    679850.000000
    679900.000000
    679950.000000
    680000.000000
    680050.000000
    680100.000000
    680150.000000
    680200.000000
    680250.000000
    680300.000000
    680350.000000
    680400.000000
    680450.000000
    680500.000000
    680550.000000
    680600.000000
    680650.000000
    680700.000000
    680750.000000
    680800.000000
    680850.000000
    680900.000000
    680950.000000
    681000.000000
    681050.000000
    681100.000000
    681150.000000
    681200.000000
    681250.000000
    681300.000000
    681350.000000
    681400.000000
    681450.000000
    681500.000000
    681550.000000
    681600.000000
    681650.000000
    681700.000000
    681750.000000
    681800.000000
    681850.000000
    681900.000000
    681950.000000
    682000.000000
    682050.000000
    682100.000000
    682150.000000
    682200.000000
    682250.000000
    682300.000000
    682350.000000
    682400.000000
    682450.000000
    682500.000000
    682550.000000
    682600.000000
    682650.000000
    682700.000000
    682750.000000
    682800.000000
    682850.000000
    682900.000000
    682950.000000
    683000.000000
    683050.000000
    683100.000000
    683150.000000
    683200.000000
    683250.000000
    683300.000000
    683350.000000
    683400.000000
    683450.000000
    683500.000000
    683550.000000
    683600.000000
    683650.000000
    683700.000000
    683750.000000
    683800.000000
    683850.000000
    683900.000000
    683950.000000
    684000.000000
    684050.000000
    684100.000000
    684150.000000
    684200.000000
    684250.000000
    684300.000000
    684350.000000
    684400.000000
    684450.000000
    684500.000000
    684550.000000
    684600.000000
    684650.000000
    684700.000000
    684750.000000
    684800.000000
    684850.000000
    684900.000000
    684950.000000
    685000.000000
    685050.000000
    685100.000000
    685150.000000
    685200.000000
    685250.000000
    685300.000000
    685350.000000
    685400.000000
    685450.000000
    685500.000000
    685550.000000
    685600.000000
    685650.000000
    685700.000000
    685750.000000
    685800.000000
    685850.000000
    685900.000000
    685950.000000
    686000.000000
    686050.000000
    686100.000000
    686150.000000
    686200.000000
    686250.000000
    686300.000000
    686350.000000
    686400.000000
    686450.000000
    686500.000000
    686550.000000
    686600.000000
    686650.000000
    686700.000000
    686750.000000
    686800.000000
    686850.000000
    686900.000000
    686950.000000
    687000.000000
    687050.000000
    687100.000000
    687150.000000
    687200.000000
    687250.000000
    687300.000000
    687350.000000
    687400.000000
    687450.000000
    687500.000000
    687550.000000
    687600.000000
    687650.000000
    687700.000000
    687750.000000
    687800.000000
    687850.000000
    687900.000000
    687950.000000
    688000.000000
    688050.000000
    688100.000000
    688150.000000
    688200.000000
    688250.000000
    688300.000000
    688350.000000
    688400.000000
    688450.000000
    688500.000000
    688550.000000
    688600.000000
    688650.000000
    688700.000000
    688750.000000
    688800.000000
    688850.000000
    688900.000000
    688950.000000
    689000.000000
    689050.000000
    689100.000000
    689150.000000
    689200.000000
    689250.000000
    689300.000000
    689350.000000
    689400.000000
    689450.000000
    689500.000000
    689550.000000
    689600.000000
    689650.000000
    689700.000000
    689750.000000
    689800.000000
    689850.000000
    689900.000000
    689950.000000
    690000.000000
    690050.000000
    690100.000000
    690150.000000
    690200.000000
    690250.000000
    690300.000000
    690350.000000
    690400.000000
    690450.000000
    690500.000000
    690550.000000
    690600.000000
    690650.000000
    690700.000000
    690750.000000
    690800.000000
    690850.000000
    690900.000000
    690950.000000
    691000.000000
    691050.000000
    691100.000000
    691150.000000
    691200.000000
    691250.000000
    691300.000000
    691350.000000
    691400.000000
    691450.000000
    691500.000000
    691550.000000
    691600.000000
    691650.000000
    691700.000000
    691750.000000
    691800.000000
    691850.000000
    691900.000000
    691950.000000
    692000.000000
    692050.000000
    692100.000000
    692150.000000
    692200.000000
    692250.000000
    692300.000000
    692350.000000
    692400.000000
    692450.000000
    692500.000000
    692550.000000
    692600.000000
    692650.000000
    692700.000000
    692750.000000
    692800.000000
    692850.000000
    692900.000000
    692950.000000
    693000.000000
    693050.000000
    693100.000000
    693150.000000
    693200.000000
    693250.000000
    693300.000000
    693350.000000
    693400.000000
    693450.000000
    693500.000000
    693550.000000
    693600.000000
    693650.000000
    693700.000000
    693750.000000
    693800.000000
    693850.000000
    693900.000000
    693950.000000
    694000.000000
    694050.000000
    694100.000000
    694150.000000
    694200.000000
    694250.000000
    694300.000000
    694350.000000
    694400.000000
    694450.000000
    694500.000000
    694550.000000
    694600.000000
    694650.000000
    694700.000000
    694750.000000
    694800.000000
    694850.000000
    694900.000000
    694950.000000
    695000.000000
    695050.000000
    695100.000000
    695150.000000
    695200.000000
    695250.000000
    695300.000000
    695350.000000
    695400.000000
    695450.000000
    695500.000000
    695550.000000
    695600.000000
    695650.000000
    695700.000000
    695750.000000
    695800.000000
    695850.000000
    695900.000000
    695950.000000
    696000.000000
    696050.000000
    696100.000000
    696150.000000
    696200.000000
    696250.000000
    696300.000000
    696350.000000
    696400.000000
    696450.000000
    696500.000000
    696550.000000
    696600.000000
    696650.000000
    696700.000000
    696750.000000
    696800.000000
    696850.000000
    696900.000000
    696950.000000
    697000.000000
    697050.000000
    697100.000000
    697150.000000
    697200.000000
    697250.000000
    697300.000000
    697350.000000
    697400.000000
    697450.000000
    697500.000000
    697550.000000
    697600.000000
    697650.000000
    697700.000000
    697750.000000
    697800.000000
    697850.000000
    697900.000000
    697950.000000
    698000.000000
    698050.000000
    698100.000000
    698150.000000
    698200.000000
    698250.000000
    698300.000000
    698350.000000
    698400.000000
    698450.000000
    698500.000000
    698550.000000
    698600.000000
    698650.000000
    698700.000000
    698750.000000
    698800.000000
    698850.000000
    698900.000000
    698950.000000
    699000.000000
    699050.000000
    699100.000000
    699150.000000
    699200.000000
    699250.000000
    699300.000000
    699350.000000
    699400.000000
    699450.000000
    699500.000000
    699550.000000
    699600.000000
    699650.000000
    699700.000000
    699750.000000
    699800.000000
    699850.000000
    699900.000000
    699950.000000
    700000.000000
    700050.000000
    700100.000000
    700150.000000
    700200.000000
    700250.000000
    700300.000000
    700350.000000
    700400.000000
    700450.000000
    700500.000000
    700550.000000
    700600.000000
    700650.000000
    700700.000000
    700750.000000
    700800.000000
    700850.000000
    700900.000000
    700950.000000
    701000.000000
    701050.000000
    701100.000000
    701150.000000
    701200.000000
    701250.000000
    701300.000000
    701350.000000
    701400.000000
    701450.000000
    701500.000000
    701550.000000
    701600.000000
    701650.000000
    701700.000000
    701750.000000
    701800.000000
    701850.000000
    701900.000000
    701950.000000
    702000.000000
    702050.000000
    702100.000000
    702150.000000
    702200.000000
    702250.000000
    702300.000000
    702350.000000
    702400.000000
    702450.000000
    702500.000000
    702550.000000
    702600.000000
    702650.000000
    702700.000000
    702750.000000
    702800.000000
    702850.000000
    702900.000000
    702950.000000
    703000.000000
    703050.000000
    703100.000000
    703150.000000
    703200.000000
    703250.000000
    703300.000000
    703350.000000
    703400.000000
    703450.000000
    703500.000000
    703550.000000
    703600.000000
    703650.000000
    703700.000000
    703750.000000
    703800.000000
    703850.000000
    703900.000000
    703950.000000
    704000.000000
    704050.000000
    704100.000000
    704150.000000
    704200.000000
    704250.000000
    704300.000000
    704350.000000
    704400.000000
    704450.000000
    704500.000000
    704550.000000
    704600.000000
    704650.000000
    704700.000000
    704750.000000
    704800.000000
    704850.000000
    704900.000000
    704950.000000
    705000.000000
    705050.000000
    705100.000000
    705150.000000
    705200.000000
    705250.000000
    705300.000000
    705350.000000
    705400.000000
    705450.000000
    705500.000000
    705550.000000
    705600.000000
    705650.000000
    705700.000000
    705750.000000
    705800.000000
    705850.000000
    705900.000000
    705950.000000
    706000.000000
    706050.000000
    706100.000000
    706150.000000
    706200.000000
    706250.000000
    706300.000000
    706350.000000
    706400.000000
    706450.000000
    706500.000000
    706550.000000
    706600.000000
    706650.000000
    706700.000000
    706750.000000
    706800.000000
    706850.000000
    706900.000000
    706950.000000
    707000.000000
    707050.000000
    707100.000000
    707150.000000
    707200.000000
    707250.000000
    707300.000000
    707350.000000
    707400.000000
    707450.000000
    707500.000000
    707550.000000
    707600.000000
    707650.000000
    707700.000000
    707750.000000
    707800.000000
    707850.000000
    707900.000000
    707950.000000
    708000.000000
    708050.000000
    708100.000000
    708150.000000
    708200.000000
    708250.000000
    708300.000000
    708350.000000
    708400.000000
    708450.000000
    708500.000000
    708550.000000
    708600.000000
    708650.000000
    708700.000000
    708750.000000
    708800.000000
    708850.000000
    708900.000000
    708950.000000
    709000.000000
    709050.000000
    709100.000000
    709150.000000
    709200.000000
    709250.000000
    709300.000000
    709350.000000
    709400.000000
    709450.000000
    709500.000000
    709550.000000
    709600.000000
    709650.000000
    709700.000000
    709750.000000
    709800.000000
    709850.000000
    709900.000000
    709950.000000
    710000.000000
    710050.000000
    710100.000000
    710150.000000
    710200.000000
    710250.000000
    710300.000000
    710350.000000
    710400.000000
    710450.000000
    710500.000000
    710550.000000
    710600.000000
    710650.000000
    710700.000000
    710750.000000
    710800.000000
    710850.000000
    710900.000000
    710950.000000
    711000.000000
    711050.000000
    711100.000000
    711150.000000
    711200.000000
    711250.000000
    711300.000000
    711350.000000
    711400.000000
    711450.000000
    711500.000000
    711550.000000
    711600.000000
    711650.000000
    711700.000000
    711750.000000
    711800.000000
    711850.000000
    711900.000000
    711950.000000
    712000.000000
    712050.000000
    712100.000000
    712150.000000
    712200.000000
    712250.000000
    712300.000000
    712350.000000
    712400.000000
    712450.000000
    712500.000000
    712550.000000
    712600.000000
    712650.000000
    712700.000000
    712750.000000
    712800.000000
    712850.000000
    712900.000000
    712950.000000
    713000.000000
    713050.000000
    713100.000000
    713150.000000
    713200.000000
    713250.000000
    713300.000000
    713350.000000
    713400.000000
    713450.000000
    713500.000000
    713550.000000
    713600.000000
    713650.000000
    713700.000000
    713750.000000
    713800.000000
    713850.000000
    713900.000000
    713950.000000
    714000.000000
    714050.000000
    714100.000000
    714150.000000
    714200.000000
    714250.000000
    714300.000000
    714350.000000
    714400.000000
    714450.000000
    714500.000000
    714550.000000
    714600.000000
    714650.000000
    714700.000000
    714750.000000
    714800.000000
    714850.000000
    714900.000000
    714950.000000
    715000.000000
    715050.000000
    715100.000000
    715150.000000
    715200.000000
    715250.000000
    715300.000000
    715350.000000
    715400.000000
    715450.000000
    715500.000000
    715550.000000
    715600.000000
    715650.000000
    715700.000000
    715750.000000
    715800.000000
    715850.000000
    715900.000000
    715950.000000
    716000.000000
    716050.000000
    716100.000000
    716150.000000
    716200.000000
    716250.000000
    716300.000000
    716350.000000
    716400.000000
    716450.000000
    716500.000000
    716550.000000
    716600.000000
    716650.000000
    716700.000000
    716750.000000
    716800.000000
    716850.000000
    716900.000000
    716950.000000
    717000.000000
    717050.000000
    717100.000000
    717150.000000
    717200.000000
    717250.000000
    717300.000000
    717350.000000
    717400.000000
    717450.000000
    717500.000000
    717550.000000
    717600.000000
    717650.000000
    717700.000000
    717750.000000
    717800.000000
    717850.000000
    717900.000000
    717950.000000
    718000.000000
    718050.000000
    718100.000000
    718150.000000
    718200.000000
    718250.000000
    718300.000000
    718350.000000
    718400.000000
    718450.000000
    718500.000000
    718550.000000
    718600.000000
    718650.000000
    718700.000000
    718750.000000
    718800.000000
    718850.000000
    718900.000000
    718950.000000
    719000.000000
    719050.000000
    719100.000000
    719150.000000
    719200.000000
    719250.000000
    719300.000000
    719350.000000
    719400.000000
    719450.000000
    719500.000000
    719550.000000
    719600.000000
    719650.000000
    719700.000000
    719750.000000
    719800.000000
    719850.000000
    719900.000000
    719950.000000
    720000.000000
    720050.000000
    720100.000000
    720150.000000
    720200.000000
    720250.000000
    720300.000000
    720350.000000
    720400.000000
    720450.000000
    720500.000000
    720550.000000
    720600.000000
    720650.000000
    720700.000000
    720750.000000
    720800.000000
    720850.000000
    720900.000000
    720950.000000
    721000.000000
    721050.000000
    721100.000000
    721150.000000
    721200.000000
    721250.000000
    721300.000000
    721350.000000
    721400.000000
    721450.000000
    721500.000000
    721550.000000
    721600.000000
    721650.000000
    721700.000000
    721750.000000
    721800.000000
    721850.000000
    721900.000000
    721950.000000
    722000.000000
    722050.000000
    722100.000000
    722150.000000
    722200.000000
    722250.000000
    722300.000000
    722350.000000
    722400.000000
    722450.000000
    722500.000000
    722550.000000
    722600.000000
    722650.000000
    722700.000000
    722750.000000
    722800.000000
    722850.000000
    722900.000000
