   -135000.000000
   -133650.000000
   -132300.000000
   -130950.000000
   -129600.000000
   -128250.000000
   -126900.000000
   -125550.000000
   -124200.000000
   -122850.000000
   -121500.000000
   -120150.000000
   -118800.000000
   -117450.000000
   -116100.000000
   -114750.000000
   -113400.000000
   -112050.000000
   -110700.000000
   -109350.000000
   -108000.000000
   -106650.000000
   -105300.000000
   -103950.000000
   -102600.000000
   -101250.000000
    -99900.000000
    -98550.000000
    -97200.000000
    -95850.000000
    -94500.000000
    -93150.000000
    -91800.000000
    -90450.000000
    -89100.000000
    -87750.000000
    -86400.000000
    -85050.000000
    -83700.000000
    -82350.000000
    -81000.000000
    -79650.000000
    -78300.000000
    -76950.000000
    -75600.000000
    -74250.000000
    -72900.000000
    -71550.000000
    -70200.000000
    -68850.000000
    -67500.000000
    -66150.000000
    -64800.000000
    -63450.000000
    -62100.000000
    -60750.000000
    -59400.000000
    -58050.000000
    -56700.000000
    -55350.000000
    -54000.000000
    -52650.000000
    -51300.000000
    -49950.000000
    -48600.000000
    -47250.000000
    -45900.000000
    -44550.000000
    -43200.000000
    -41850.000000
    -40500.000000
    -39150.000000
    -37800.000000
    -36450.000000
    -35100.000000
    -33750.000000
    -32400.000000
    -31050.000000
    -29700.000000
    -28350.000000
    -27000.000000
    -25650.000000
    -24300.000000
    -22950.000000
    -21600.000000
    -20250.000000
    -18900.000000
    -17550.000000
    -16200.000000
    -14850.000000
    -13500.000000
    -12150.000000
    -10800.000000
     -9450.000000
     -8100.000000
     -6750.000000
     -5400.000000
     -4050.000000
     -2700.000000
     -1350.000000
         0.000000
      1350.000000
      2700.000000
      4050.000000
      5400.000000
      6750.000000
      8100.000000
      9450.000000
     10800.000000
     12150.000000
     13500.000000
     14850.000000
     16200.000000
     17550.000000
     18900.000000
     20250.000000
     21600.000000
     22950.000000
     24300.000000
     25650.000000
     27000.000000
     28350.000000
     29700.000000
     31050.000000
     32400.000000
     33750.000000
     35100.000000
     36450.000000
     37800.000000
     39150.000000
     40500.000000
     41850.000000
     43200.000000
     44550.000000
     45900.000000
     47250.000000
     48600.000000
     49950.000000
     51300.000000
     52650.000000
     54000.000000
     55350.000000
     56700.000000
     58050.000000
     59400.000000
     60750.000000
     62100.000000
     63450.000000
     64800.000000
     66150.000000
     67500.000000
     68850.000000
     70200.000000
     71550.000000
     72900.000000
     74250.000000
     75600.000000
     76950.000000
     78300.000000
     79650.000000
     81000.000000
     82350.000000
     83700.000000
     85050.000000
     86400.000000
     87750.000000
     89100.000000
     90450.000000
     91800.000000
     93150.000000
     94500.000000
     95850.000000
     97200.000000
     98550.000000
     99900.000000
    101250.000000
    102600.000000
    103950.000000
    105300.000000
    106650.000000
    108000.000000
    109350.000000
    110700.000000
    112050.000000
    113400.000000
    114750.000000
    116100.000000
    117450.000000
    118800.000000
    120150.000000
    121500.000000
    122850.000000
    124200.000000
    125550.000000
    126900.000000
    128250.000000
    129600.000000
    130950.000000
    132300.000000
    133650.000000
    135000.000000
    136350.000000
    137700.000000
    139050.000000
    140400.000000
    141750.000000
    143100.000000
    144450.000000
    145800.000000
    147150.000000
    148500.000000
    149850.000000
    151200.000000
    152550.000000
    153900.000000
    155250.000000
    156600.000000
    157950.000000
    159300.000000
    160650.000000
    162000.000000
    163350.000000
    164700.000000
    166050.000000
    167400.000000
    168750.000000
    170100.000000
    171450.000000
    172800.000000
    174150.000000
    175500.000000
    176850.000000
    178200.000000
    179550.000000
    180900.000000
    182250.000000
    183600.000000
    184950.000000
    186300.000000
    187650.000000
    189000.000000
    190350.000000
    191700.000000
    193050.000000
    194400.000000
    195750.000000
    197100.000000
    198450.000000
    199800.000000
    201150.000000
    202500.000000
    203850.000000
    205200.000000
    206550.000000
    207900.000000
    209250.000000
    210600.000000
    211950.000000
    213300.000000
    214650.000000
    216000.000000
    217350.000000
    218700.000000
    220050.000000
    221400.000000
    222750.000000
    224100.000000
    225450.000000
    226800.000000
    228150.000000
    229500.000000
    230850.000000
    232200.000000
    233550.000000
    234900.000000
    236250.000000
    237600.000000
    238950.000000
    240300.000000
    241650.000000
    243000.000000
    244350.000000
    245700.000000
    247050.000000
    248400.000000
    249750.000000
    251100.000000
    252450.000000
    253800.000000
    255150.000000
    256500.000000
    257850.000000
    259200.000000
    260550.000000
    261900.000000
    263250.000000
    264600.000000
    265950.000000
    267300.000000
    268650.000000
    270000.000000
    271350.000000
    272700.000000
    274050.000000
    275400.000000
    276750.000000
    278100.000000
    279450.000000
    280800.000000
    282150.000000
    283500.000000
    284850.000000
    286200.000000
    287550.000000
    288900.000000
    290250.000000
    291600.000000
    292950.000000
    294300.000000
    295650.000000
    297000.000000
    298350.000000
    299700.000000
    301050.000000
    302400.000000
    303750.000000
    305100.000000
    306450.000000
    307800.000000
    309150.000000
    310500.000000
    311850.000000
    313200.000000
    314550.000000
    315900.000000
    317250.000000
    318600.000000
    319950.000000
    321300.000000
    322650.000000
    324000.000000
    325350.000000
    326700.000000
    328050.000000
    329400.000000
    330750.000000
    332100.000000
    333450.000000
    334800.000000
    336150.000000
    337500.000000
    338850.000000
    340200.000000
    341550.000000
    342900.000000
    344250.000000
    345600.000000
    346950.000000
    348300.000000
    349650.000000
    351000.000000
    352350.000000
    353700.000000
    355050.000000
    356400.000000
    357750.000000
    359100.000000
    360450.000000
    361800.000000
    363150.000000
    364500.000000
    365850.000000
    367200.000000
    368550.000000
    369900.000000
    371250.000000
    372600.000000
    373950.000000
    375300.000000
    376650.000000
    378000.000000
    379350.000000
    380700.000000
    382050.000000
    383400.000000
    384750.000000
    386100.000000
    387450.000000
    388800.000000
    390150.000000
    391500.000000
    392850.000000
    394200.000000
    395550.000000
    396900.000000
    398250.000000
    399600.000000
    400950.000000
    402300.000000
    403650.000000
    405000.000000
    406350.000000
    407700.000000
    409050.000000
    410400.000000
    411750.000000
    413100.000000
    414450.000000
    415800.000000
    417150.000000
    418500.000000
    419850.000000
    421200.000000
    422550.000000
    423900.000000
    425250.000000
    426600.000000
    427950.000000
    429300.000000
    430650.000000
    432000.000000
    433350.000000
    434700.000000
    436050.000000
    437400.000000
    438750.000000
    440100.000000
    441450.000000
    442800.000000
    444150.000000
    445500.000000
    446850.000000
    448200.000000
    449550.000000
    450900.000000
    452250.000000
    453600.000000
    454950.000000
    456300.000000
    457650.000000
    459000.000000
    460350.000000
    461700.000000
    463050.000000
    464400.000000
    465750.000000
    467100.000000
    468450.000000
    469800.000000
    471150.000000
    472500.000000
    473850.000000
    475200.000000
    476550.000000
    477900.000000
    479250.000000
    480600.000000
    481950.000000
    483300.000000
    484650.000000
    486000.000000
    487350.000000
    488700.000000
    490050.000000
    491400.000000
    492750.000000
    494100.000000
    495450.000000
    496800.000000
    498150.000000
    499500.000000
    500850.000000
    502200.000000
    503550.000000
    504900.000000
    506250.000000
    507600.000000
    508950.000000
    510300.000000
    511650.000000
    513000.000000
    514350.000000
    515700.000000
    517050.000000
    518400.000000
    519750.000000
    521100.000000
    522450.000000
    523800.000000
    525150.000000
    526500.000000
    527850.000000
    529200.000000
    530550.000000
    531900.000000
    533250.000000
    534600.000000
    535950.000000
    537300.000000
    538650.000000
    540000.000000
    541350.000000
    542700.000000
    544050.000000
    545400.000000
    546750.000000
    548100.000000
    549450.000000
    550800.000000
    552150.000000
    553500.000000
    554850.000000
    556200.000000
    557550.000000
    558900.000000
    560250.000000
    561600.000000
    562950.000000
    564300.000000
    565650.000000
    567000.000000
    568350.000000
    569700.000000
    571050.000000
    572400.000000
    573750.000000
    575100.000000
    576450.000000
    577800.000000
    579150.000000
    580500.000000
    581850.000000
    583200.000000
    584550.000000
    585900.000000
    587250.000000
    588600.000000
    589950.000000
    591300.000000
    592650.000000
    594000.000000
    595350.000000
    596700.000000
    598050.000000
    599400.000000
    600750.000000
    602100.000000
    603450.000000
    604800.000000
    606150.000000
    607500.000000
    608850.000000
    610200.000000
    611550.000000
    612900.000000
    614250.000000
    615600.000000
    616950.000000
    618300.000000
    619650.000000
    621000.000000
    622350.000000
    623700.000000
    625050.000000
    626400.000000
    627750.000000
    629100.000000
    630450.000000
    631800.000000
    633150.000000
    634500.000000
    635850.000000
    637200.000000
    638550.000000
    639900.000000
    641250.000000
    642600.000000
    643950.000000
    645300.000000
    646650.000000
    648000.000000
    649350.000000
    650700.000000
    652050.000000
    653400.000000
    654750.000000
    656100.000000
    657450.000000
    658800.000000
    660150.000000
    661500.000000
    662850.000000
    664200.000000
    665550.000000
    666900.000000
    668250.000000
    669600.000000
    670950.000000
    672300.000000
    673650.000000
    675000.000000
    676350.000000
    677700.000000
    679050.000000
    680400.000000
    681750.000000
    683100.000000
    684450.000000
    685800.000000
    687150.000000
    688500.000000
    689850.000000
    691200.000000
    692550.000000
    693900.000000
    695250.000000
    696600.000000
    697950.000000
    699300.000000
    700650.000000
    702000.000000
    703350.000000
    704700.000000
    706050.000000
    707400.000000
    708750.000000
    710100.000000
    711450.000000
    712800.000000
    714150.000000
    715500.000000
    716850.000000
    718200.000000
    719550.000000
    720900.000000
    722250.000000
    723600.000000
    724950.000000
    726300.000000
    727650.000000
    729000.000000
    730350.000000
    731700.000000
    733050.000000
    734400.000000
    735750.000000
    737100.000000
    738450.000000
    739800.000000
    741150.000000
    742500.000000
    743850.000000
    745200.000000
    746550.000000
    747900.000000
    749250.000000
    750600.000000
    751950.000000
    753300.000000
    754650.000000
    756000.000000
    757350.000000
    758700.000000
    760050.000000
    761400.000000
    762750.000000
    764100.000000
    765450.000000
    766800.000000
    768150.000000
    769500.000000
    770850.000000
    772200.000000
    773550.000000
    774900.000000
    776250.000000
    777600.000000
    778950.000000
    780300.000000
    781650.000000
    783000.000000
    784350.000000
    785700.000000
    787050.000000
    788400.000000
    789750.000000
    791100.000000
    792450.000000
    793800.000000
    795150.000000
    796500.000000
    797850.000000
    799200.000000
    800550.000000
    801900.000000
    803250.000000
    804600.000000
    805950.000000
    807300.000000
    808650.000000
    810000.000000
    811350.000000
    812700.000000
    814050.000000
    815400.000000
    816750.000000
    818100.000000
    819450.000000
    820800.000000
    822150.000000
    823500.000000
    824850.000000
    826200.000000
    827550.000000
    828900.000000
    830250.000000
    831600.000000
    832950.000000
    834300.000000
    835650.000000
    837000.000000
    838350.000000
    839700.000000
    841050.000000
    842400.000000
    843750.000000
    845100.000000
    846450.000000
    847800.000000
    849150.000000
    850500.000000
    851850.000000
    853200.000000
    854550.000000
    855900.000000
    857250.000000
    858600.000000
    859950.000000
    861300.000000
    862650.000000
    864000.000000
    865350.000000
    866700.000000
    868050.000000
    869400.000000
    870750.000000
    872100.000000
    873450.000000
    874800.000000
    876150.000000
    877500.000000
    878850.000000
    880200.000000
    881550.000000
    882900.000000
    884250.000000
    885600.000000
    886950.000000
    888300.000000
    889650.000000
    891000.000000
    892350.000000
    893700.000000
    895050.000000
    896400.000000
    897750.000000
    899100.000000
    900450.000000
    901800.000000
    903150.000000
    904500.000000
    905850.000000
    907200.000000
    908550.000000
    909900.000000
    911250.000000
    912600.000000
    913950.000000
    915300.000000
    916650.000000
    918000.000000
    919350.000000
    920700.000000
    922050.000000
    923400.000000
    924750.000000
    926100.000000
    927450.000000
    928800.000000
    930150.000000
    931500.000000
    932850.000000
    934200.000000
    935550.000000
    936900.000000
    938250.000000
    939600.000000
    940950.000000
    942300.000000
    943650.000000
    945000.000000
    946350.000000
    947700.000000
    949050.000000
    950400.000000
    951750.000000
    953100.000000
    954450.000000
    955800.000000
    957150.000000
    958500.000000
    959850.000000
    961200.000000
    962550.000000
    963900.000000
    965250.000000
    966600.000000
    967950.000000
    969300.000000
    970650.000000
    972000.000000
    973350.000000
    974700.000000
    976050.000000
    977400.000000
    978750.000000
    980100.000000
    981450.000000
    982800.000000
    984150.000000
    985500.000000
    986850.000000
    988200.000000
    989550.000000
    990900.000000
    992250.000000
    993600.000000
    994950.000000
    996300.000000
    997650.000000
    999000.000000
   1000350.000000
   1001700.000000
   1003050.000000
   1004400.000000
   1005750.000000
   1007100.000000
   1008450.000000
   1009800.000000
   1011150.000000
   1012500.000000
   1013850.000000
   1015200.000000
   1016550.000000
   1017900.000000
   1019250.000000
   1020600.000000
   1021950.000000
   1023300.000000
   1024650.000000
   1026000.000000
   1027350.000000
   1028700.000000
   1030050.000000
   1031400.000000
   1032750.000000
   1034100.000000
   1035450.000000
   1036800.000000
   1038150.000000
   1039500.000000
   1040850.000000
   1042200.000000
   1043550.000000
   1044900.000000
   1046250.000000
   1047600.000000
   1048950.000000
   1050300.000000
   1051650.000000
   1053000.000000
   1054350.000000
   1055700.000000
   1057050.000000
   1058400.000000
   1059750.000000
   1061100.000000
   1062450.000000
   1063800.000000
   1065150.000000
   1066500.000000
   1067850.000000
   1069200.000000
   1070550.000000
   1071900.000000
   1073250.000000
   1074600.000000
   1075950.000000
   1077300.000000
   1078650.000000
