   3754300.000000
   3754450.000000
   3754600.000000
   3754750.000000
   3754900.000000
   3755050.000000
   3755200.000000
   3755350.000000
   3755500.000000
   3755650.000000
   3755800.000000
   3755950.000000
   3756100.000000
   3756250.000000
   3756400.000000
   3756550.000000
   3756700.000000
   3756850.000000
   3757000.000000
   3757150.000000
   3757300.000000
   3757450.000000
   3757600.000000
   3757750.000000
   3757900.000000
   3758050.000000
   3758200.000000
   3758350.000000
   3758500.000000
   3758650.000000
   3758800.000000
   3758950.000000
   3759100.000000
   3759250.000000
   3759400.000000
   3759550.000000
   3759700.000000
   3759850.000000
   3760000.000000
   3760150.000000
   3760300.000000
   3760450.000000
   3760600.000000
   3760750.000000
   3760900.000000
   3761050.000000
   3761200.000000
   3761350.000000
   3761500.000000
   3761650.000000
   3761800.000000
   3761950.000000
   3762100.000000
   3762250.000000
   3762400.000000
   3762550.000000
   3762700.000000
   3762850.000000
   3763000.000000
   3763150.000000
   3763300.000000
   3763450.000000
   3763600.000000
   3763750.000000
   3763900.000000
   3764050.000000
   3764200.000000
   3764350.000000
   3764500.000000
   3764650.000000
   3764800.000000
   3764950.000000
   3765100.000000
   3765250.000000
   3765400.000000
   3765550.000000
   3765700.000000
   3765850.000000
   3766000.000000
   3766150.000000
   3766300.000000
   3766450.000000
   3766600.000000
   3766750.000000
   3766900.000000
   3767050.000000
   3767200.000000
   3767350.000000
   3767500.000000
   3767650.000000
   3767800.000000
   3767950.000000
   3768100.000000
   3768250.000000
   3768400.000000
   3768550.000000
   3768700.000000
   3768850.000000
   3769000.000000
   3769150.000000
   3769300.000000
   3769450.000000
   3769600.000000
   3769750.000000
   3769900.000000
   3770050.000000
   3770200.000000
   3770350.000000
   3770500.000000
   3770650.000000
   3770800.000000
   3770950.000000
   3771100.000000
   3771250.000000
   3771400.000000
   3771550.000000
   3771700.000000
   3771850.000000
   3772000.000000
   3772150.000000
   3772300.000000
   3772450.000000
   3772600.000000
   3772750.000000
   3772900.000000
   3773050.000000
   3773200.000000
   3773350.000000
   3773500.000000
   3773650.000000
   3773800.000000
   3773950.000000
   3774100.000000
   3774250.000000
   3774400.000000
   3774550.000000
   3774700.000000
   3774850.000000
   3775000.000000
   3775150.000000
   3775300.000000
   3775450.000000
   3775600.000000
   3775750.000000
   3775900.000000
   3776050.000000
   3776200.000000
   3776350.000000
   3776500.000000
   3776650.000000
   3776800.000000
   3776950.000000
   3777100.000000
   3777250.000000
   3777400.000000
   3777550.000000
   3777700.000000
   3777850.000000
   3778000.000000
   3778150.000000
   3778300.000000
   3778450.000000
   3778600.000000
   3778750.000000
   3778900.000000
   3779050.000000
   3779200.000000
   3779350.000000
   3779500.000000
   3779650.000000
   3779800.000000
   3779950.000000
   3780100.000000
   3780250.000000
   3780400.000000
   3780550.000000
   3780700.000000
   3780850.000000
   3781000.000000
   3781150.000000
   3781300.000000
   3781450.000000
   3781600.000000
   3781750.000000
   3781900.000000
   3782050.000000
   3782200.000000
   3782350.000000
   3782500.000000
   3782650.000000
   3782800.000000
   3782950.000000
   3783100.000000
   3783250.000000
   3783400.000000
   3783550.000000
   3783700.000000
   3783850.000000
   3784000.000000
   3784150.000000
   3784300.000000
   3784450.000000
   3784600.000000
   3784750.000000
   3784900.000000
   3785050.000000
   3785200.000000
   3785350.000000
   3785500.000000
   3785650.000000
   3785800.000000
   3785950.000000
   3786100.000000
   3786250.000000
   3786400.000000
   3786550.000000
   3786700.000000
   3786850.000000
   3787000.000000
   3787150.000000
   3787300.000000
   3787450.000000
   3787600.000000
   3787750.000000
   3787900.000000
   3788050.000000
   3788200.000000
   3788350.000000
   3788500.000000
   3788650.000000
   3788800.000000
   3788950.000000
   3789100.000000
   3789250.000000
   3789400.000000
   3789550.000000
   3789700.000000
   3789850.000000
   3790000.000000
   3790150.000000
   3790300.000000
   3790450.000000
   3790600.000000
   3790750.000000
   3790900.000000
   3791050.000000
   3791200.000000
   3791350.000000
   3791500.000000
   3791650.000000
   3791800.000000
   3791950.000000
   3792100.000000
   3792250.000000
   3792400.000000
   3792550.000000
   3792700.000000
   3792850.000000
   3793000.000000
   3793150.000000
   3793300.000000
   3793450.000000
   3793600.000000
   3793750.000000
   3793900.000000
   3794050.000000
   3794200.000000
   3794350.000000
   3794500.000000
   3794650.000000
   3794800.000000
   3794950.000000
   3795100.000000
   3795250.000000
   3795400.000000
   3795550.000000
   3795700.000000
   3795850.000000
   3796000.000000
   3796150.000000
   3796300.000000
   3796450.000000
   3796600.000000
   3796750.000000
   3796900.000000
   3797050.000000
   3797200.000000
   3797350.000000
   3797500.000000
   3797650.000000
   3797800.000000
   3797950.000000
   3798100.000000
   3798250.000000
   3798400.000000
   3798550.000000
   3798700.000000
   3798850.000000
   3799000.000000
   3799150.000000
   3799300.000000
   3799450.000000
   3799600.000000
   3799750.000000
   3799900.000000
   3800050.000000
   3800200.000000
   3800350.000000
   3800500.000000
   3800650.000000
   3800800.000000
   3800950.000000
   3801100.000000
   3801250.000000
   3801400.000000
   3801550.000000
   3801700.000000
   3801850.000000
   3802000.000000
   3802150.000000
   3802300.000000
   3802450.000000
   3802600.000000
   3802750.000000
   3802900.000000
   3803050.000000
   3803200.000000
   3803350.000000
   3803500.000000
   3803650.000000
   3803800.000000
   3803950.000000
   3804100.000000
   3804250.000000
   3804400.000000
   3804550.000000
   3804700.000000
   3804850.000000
   3805000.000000
   3805150.000000
   3805300.000000
   3805450.000000
   3805600.000000
   3805750.000000
   3805900.000000
   3806050.000000
   3806200.000000
   3806350.000000
   3806500.000000
   3806650.000000
   3806800.000000
   3806950.000000
   3807100.000000
   3807250.000000
   3807400.000000
   3807550.000000
   3807700.000000
   3807850.000000
   3808000.000000
   3808150.000000
   3808300.000000
   3808450.000000
   3808600.000000
   3808750.000000
   3808900.000000
   3809050.000000
   3809200.000000
   3809350.000000
   3809500.000000
   3809650.000000
   3809800.000000
   3809950.000000
   3810100.000000
   3810250.000000
   3810400.000000
   3810550.000000
   3810700.000000
   3810850.000000
   3811000.000000
   3811150.000000
   3811300.000000
   3811450.000000
   3811600.000000
   3811750.000000
   3811900.000000
   3812050.000000
   3812200.000000
   3812350.000000
   3812500.000000
   3812650.000000
   3812800.000000
   3812950.000000
   3813100.000000
   3813250.000000
   3813400.000000
   3813550.000000
   3813700.000000
   3813850.000000
   3814000.000000
   3814150.000000
   3814300.000000
   3814450.000000
   3814600.000000
   3814750.000000
   3814900.000000
   3815050.000000
   3815200.000000
   3815350.000000
   3815500.000000
   3815650.000000
   3815800.000000
   3815950.000000
   3816100.000000
   3816250.000000
   3816400.000000
   3816550.000000
   3816700.000000
